  1.00000000   0.43963361   0.40151189   0.53447121   0.63326679   0.82818623   0.66832968   0.64360792   0.56044258   0.32994912   0.26654817   0.58998678   0.75272091   0.61668869   0.73498431   0.63761095   0.43801529   0.54397834   0.34506609   0.20481368   0.39846699   0.39699245   0.33125777   0.66619520   0.19665960   0.39434282   0.39063077   0.44647603   0.53568106   0.38094703   0.51475659   0.26357793   0.47048405   0.52477868   0.39611059   0.45781210   0.38844171   0.38231603   0.67535311   0.35069374   0.46038088   0.00000000   0.38179705   0.04231826   0.32561783   0.54046076   0.44979407   0.63192519   0.43188981   0.50802542   0.38680113   0.37176071   0.77717644   0.71473615   0.64689644   0.27331535   0.38958687   0.42235758   0.35207159   0.36290883   0.31042933   0.36778746   0.78021044   0.51027771   0.70246047   0.30789551   0.68599361   0.55018880   0.60471674   0.53942755   0.59396399   0.37069649   0.38542771   0.28886858   0.45256578   0.75351953   0.46180773   0.40040439   0.56870313   0.63899123   0.79539991   0.55757525   0.59837724   0.53288228   0.34810675   0.34638607   0.61133339   0.66412176   0.55197966   0.66517929   0.65268305   0.49637484   0.59004256   0.32880422   0.25299322   0.40569900   0.37650131   0.38685943   0.72231911   0.31242075   0.40246855   0.28268663   0.52714541   0.56488083   0.41441156   0.49442309   0.43200229   0.55221248   0.55856226   0.49329639   0.42876727   0.40106382   0.41441959   0.57142758   0.48557176   0.49593284   0.00000000   0.34341067   0.35453276   0.32421383   0.56476062   0.48315738   0.69989438   0.48093258   0.51034782   0.39686289   0.38636742   0.61469276   0.62192812   0.61559269   0.32563870   0.42161378   0.44313601   0.38250029   0.39131534   0.09301558   0.38875273   0.66569224   0.55827368   0.78589171   0.35356132   0.60856012   0.52863142   0.56205427   0.54027730   0.55978337   0.45072922   0.45151697   0.41796859   0.56318692
  0.43963361   1.00000000   0.68545054   0.70146349   0.23435128   0.43419105   0.58435318   0.53435241   0.65532799   0.60292155   0.73579210   0.59598262   0.53660480   0.40941859   0.47325904   0.45082391   0.59731312   0.55398736   0.86773293   0.73573716   0.93494399   0.81642489   0.69560404   0.55224316   0.64091701   0.68549332   0.82710710   0.45864773   0.42887300   0.86186063   0.40858087   0.22030368   0.71445430   0.80755680   0.57559265   0.83485831   0.86285548   0.76980533   0.52584032   0.12377083   0.74546635   0.00000000   0.89012945   0.18604821   0.68640633   0.56733345   0.67692722   0.59465582   0.71607005   0.36468239   0.81816127   0.73061691   0.51030790   0.24661458   0.39307057   0.50959552   0.78537411   0.75956275   0.76310278   0.62169456   0.70771897   0.72613247   0.42743815   0.42152876   0.49470269   0.73954389   0.61971400   0.66572229   0.59523902   0.51201100   0.39275135   0.71512866   0.79872320   0.62737230   0.78192327   0.31081011   0.90892898   0.52705401   0.58585389   0.13412793   0.26299024   0.27361371   0.36909553   0.61899833   0.68123216   0.77425946   0.49334004   0.54650204   0.04325629   0.33679234   0.39501288   0.65065125   0.52094511   0.65449966   0.64716068   0.81307858   0.84203599   0.65916820   0.48590359   0.37969053   0.19497377   0.43002056   0.47491590   0.34031926   0.79113358   0.37525287   0.46015236   0.72611765   0.60414469   0.43370802   0.45605022   0.71929419   0.55464292   0.32503767   0.17960557   0.53979209   0.00000000   0.80814859   0.48575808   0.71563422   0.45707220   0.44547511   0.53376152   0.52688431   0.26467108   0.55513203   0.75810333   0.33535357   0.24529897   0.31955619   0.22730506   0.60150732   0.61158753   0.68954025   0.42922341   0.47143984   0.76600414   0.21533066   0.62001972   0.58266520   0.72852621   0.46111960   0.43602320   0.41190195   0.29929921   0.39613073   0.61874010   0.52703999   0.60269883   0.69641180
  0.40151189   0.68545054   1.00000000   0.72127162   0.33281220   0.55401161   0.56525319   0.78582034   0.64464800   0.74857482   0.83354166   0.41454354   0.40604384   0.33021255   0.59648169   0.68139512   0.50570161   0.41986437   0.80194137   0.75975888   0.70147134   0.69405314   0.49710198   0.44707374   0.53619827   0.61548656   0.86904998   0.79448822   0.72692308   0.88767105   0.46866037   0.34962234   0.64274433   0.73618902   0.38179472   0.69377100   0.67526753   0.63891711   0.41731470   0.09980458   0.67867061   0.00000000   0.56327296  -0.03305844   0.70611652   0.80236998   0.90505689   0.37482279   0.55493116   0.36653830   0.53888626   0.62453570   0.50837407   0.43379429   0.61054521   0.44990658   0.77805391   0.75258509   0.83617453   0.81569283   0.72475202   0.72712334   0.28743509   0.44676562   0.42733417   0.85570501   0.68317625   0.83109916   0.51773301   0.74813627   0.45663992   0.83557994   0.65882078   0.64859040   0.67669057   0.16868543   0.74906278   0.93700295   0.58693413   0.15995144   0.38637779   0.43097670   0.69712366   0.66180518   0.76375119   0.81746971   0.44876269   0.32657252   0.04312437   0.27968445   0.56353215   0.62303665   0.46666826   0.61349683   0.54002208   0.73746614   0.72984878   0.37648829   0.33921685   0.33203841   0.26114269   0.81057989   0.81868504   0.74165476   0.90034482   0.44188904   0.47590929   0.67261718   0.56003253   0.39458582   0.41127101   0.57205475   0.48153909   0.24773909   0.09959071   0.68538044   0.00000000   0.44469710   0.31451939   0.72344660   0.80840279   0.83241655   0.37499863   0.46759638   0.37972219   0.45729376   0.65561020   0.27134957   0.26092429   0.54560409   0.19276703   0.68735750   0.56721909   0.76763175   0.73043316   0.47914216   0.78407601   0.11701221   0.51658907   0.47187152   0.89652404   0.52891199   0.77702505   0.44806076   0.61304043   0.43056938   0.85441633   0.37904703   0.74652460   0.63833315
  0.53447121   0.70146349   0.72127162   1.00000000   0.26053260   0.61715179   0.62300263   0.68669509   0.60999542   0.71198856   0.73643961   0.79109255   0.73097507   0.69831415   0.54844173   0.57560243   0.79225929   0.73324784   0.71287581   0.64751375   0.75726211   0.67597865   0.57496125   0.64856327   0.59781374   0.83053125   0.73122017   0.69101880   0.68247428   0.74867053   0.42266946   0.28890088   0.85313986   0.88092917   0.59354765   0.86442537   0.70216166   0.75155979   0.75516133   0.36778062   0.85612335   0.00000000   0.53692844   0.05731673   0.66814431   0.85898633   0.78049344   0.63666720   0.77366453   0.64071552   0.58468756   0.58215319   0.63419948   0.32170052   0.57186400   0.54757659   0.79080672   0.61939714   0.73680299   0.73730492   0.72937724   0.75028555   0.58008502   0.45898464   0.59063879   0.81417763   0.69501203   0.83002415   0.80514351   0.74367828   0.49334678   0.76062786   0.69275044   0.77514863   0.85750315   0.18937182   0.62471723   0.64234844   0.59795864   0.12601808   0.35459035   0.24686429   0.48377350   0.49480005   0.69724612   0.72368954   0.46971378   0.40940435   0.10237053   0.11716111   0.34617363   0.63837598   0.51428580   0.45373364   0.42305674   0.58793449   0.67988633   0.34216037   0.34972499   0.19983725   0.05845971   0.43316917   0.53286703   0.44088638   0.67255883   0.48744030   0.47978271   0.67279869   0.56959253   0.35962059   0.31581402   0.40666864   0.33974785   0.21706821   0.05712305   0.56974157   0.00000000   0.40265675   0.25263284   0.62720404   0.59489076   0.49145892   0.46961680   0.42088225   0.31142462   0.25429212   0.52423288   0.17350186   0.10838130   0.25274435   0.02304462   0.47543989   0.37427717   0.56586519   0.53506157   0.33074435   0.63303700   0.13034296   0.59187851   0.55082362   0.72499067   0.41793664   0.51041041   0.29010154   0.32778876   0.51434597   0.64799151   0.20415830   0.55913037   0.62189839
  0.63326679   0.23435128   0.33281220   0.26053260   1.00000000   0.51554034   0.49837171   0.52710448   0.53836319   0.09859517   0.20245751   0.36119378   0.44055039   0.43172669   0.66497600   0.58995705   0.31137307   0.33025532   0.21158695   0.16450329   0.18194532   0.16767650   0.31277441   0.20971423   0.17558237   0.19816618   0.24636503   0.31258200   0.44336134   0.31300716   0.44210738   0.44505563   0.35912387   0.21590751   0.38864473   0.20766290   0.17660789   0.11909245   0.33094441   0.48646664   0.34928664   0.00000000   0.24513684   0.39696838   0.13413208   0.37960655   0.36038134   0.36956783   0.38975254   0.44701641   0.22738735   0.17908241   0.56616903   0.61536553   0.51000748   0.26687489   0.25136456   0.27724150   0.20008651   0.19422784   0.14286478   0.15525313   0.49082555   0.38479484   0.38107296   0.21063253   0.47991557   0.40030540   0.37113777   0.40598866   0.42375536   0.28662477   0.20083195   0.16529151   0.27158251   0.55249350   0.29418592   0.36869664   0.47783478   0.59415397   0.56488170   0.53987559   0.58882593   0.56478669   0.17143207   0.17067052   0.45103039   0.54652438   0.49608220   0.53167830   0.62881415   0.35979997   0.40379804   0.38541661   0.29485042   0.32810615   0.12328863   0.41816884   0.62270682   0.48051775   0.52171342   0.34097714   0.51492166   0.59310728   0.35449026   0.40078736   0.46966635   0.42986492   0.47090174   0.53700184   0.45505175   0.42497659   0.46028808   0.51128916   0.41702580   0.45222639   0.00000000   0.17562918   0.45899285   0.11019112   0.51050351   0.47238701   0.38129238   0.51946080   0.48536678   0.52366066   0.22333424   0.50905458   0.48893513   0.56719343   0.46986678   0.39337942   0.33518883   0.30412882   0.29341648   0.19889890   0.27584567   0.54253371   0.38568407   0.42611810   0.29805421   0.55011078   0.51805958   0.54146647   0.57119550   0.39181768   0.43459415   0.51207118   0.42786331   0.36756711
  0.82818623   0.43419105   0.55401161   0.61715179   0.51554034   1.00000000   0.77533815   0.74848423   0.56167600   0.51184262   0.39490998   0.49824402   0.70467546   0.56579221   0.81725568   0.83617881   0.39923483   0.47945189   0.42227683   0.24883528   0.45968505   0.47430499   0.29671052   0.71377827   0.19005026   0.43769120   0.42943921   0.65931661   0.73083010   0.44147237   0.66308964   0.26943346   0.50270223   0.55617118   0.27025103   0.49969968   0.47417578   0.48141467   0.63426415   0.24071312   0.53900252   0.00000000   0.28204300  -0.12743225   0.48642467   0.69850151   0.62183850   0.61031451   0.41365337   0.46805216   0.42917547   0.48582434   0.72131061   0.74835260   0.79971387   0.26073390   0.44116056   0.49600910   0.46638877   0.56227731   0.47177261   0.54168917   0.63411169   0.61771059   0.75310958   0.46303786   0.75947487   0.63428144   0.61651296   0.70368468   0.73000377   0.52743883   0.50854523   0.41790779   0.49848054   0.52700834   0.43795504   0.61083578   0.53552463   0.50699649   0.86066879   0.63310786   0.66683105   0.50853475   0.44294929   0.46117354   0.50581282   0.56068236   0.40457730   0.55565588   0.78003958   0.49148145   0.53244998   0.27260351   0.11613543   0.44866982   0.46412856   0.28106668   0.67334328   0.11180801   0.24782928   0.33747266   0.64094482   0.67769029   0.45780690   0.63993510   0.45819000   0.52602600   0.50637342   0.36782266   0.27138206   0.34165059   0.34631544   0.40713110   0.32321510   0.50912437   0.00000000   0.26670771   0.23375772   0.44475547   0.70492099   0.60424753   0.64409982   0.38828887   0.44924655   0.35867884   0.42013563   0.49116502   0.58016568   0.68890777   0.13411057   0.37368620   0.47533611   0.39071217   0.56338183   0.13845179   0.50252169   0.45355966   0.61874575   0.73905483   0.45382318   0.59749049   0.60456657   0.52694390   0.58686167   0.66358555   0.55641635   0.35557637   0.46752255   0.50611324
  0.66832968   0.58435318   0.56525319   0.62300263   0.49837171   0.77533815   1.00000000   0.79748697   0.58975064   0.46643537   0.49025979   0.58348055   0.57567088   0.43312662   0.74643032   0.73044248   0.44014152   0.55879675   0.53136774   0.39092901   0.55808076   0.61991908   0.31490668   0.54214872   0.22715719   0.52747346   0.49026973   0.63752687   0.70194983   0.53188043   0.48137671   0.11707227   0.60761750   0.55334859   0.36655834   0.61797459   0.50239843   0.43682082   0.47272887   0.23202148   0.64767021   0.00000000   0.50720149   0.00592304   0.58187183   0.62978839   0.66738888   0.61453994   0.51892590   0.57936393   0.42458106   0.60497572   0.70734690   0.75166710   0.69152581   0.31707459   0.48968720   0.57307894   0.48209363   0.49714207   0.47297212   0.51847864   0.51950855   0.46357286   0.60158476   0.46147181   0.79485194   0.67258953   0.58645961   0.67468512   0.51633439   0.50732614   0.46577210   0.32302602   0.59719290   0.50619284   0.55827462   0.57123360   0.64740185   0.43122775   0.66006072   0.81445175   0.73756832   0.62150302   0.41572047   0.55497222   0.65919340   0.65423999   0.37823574   0.62462207   0.74519708   0.61080316   0.62280306   0.35379289   0.23198126   0.55824477   0.60069986   0.41033344   0.60499506   0.23477592   0.41084594   0.29938267   0.64419516   0.63195667   0.54521671   0.40591810   0.29493115   0.68638441   0.56232648   0.42628590   0.46629645   0.42419594   0.41934086   0.55705819   0.43664315   0.61977778   0.00000000   0.53536142   0.27830151   0.55898424   0.68797398   0.62005764   0.67155118   0.50448494   0.57005179   0.40812842   0.57976391   0.56020210   0.69437561   0.69644121   0.28368510   0.46794849   0.56572941   0.39309485   0.43708771   0.21754604   0.53831139   0.48602357   0.48248655   0.63774878   0.47619459   0.72649376   0.63131820   0.63614821   0.62918952   0.42817993   0.55852752   0.46522155   0.46481272   0.63885986
  0.64360792   0.53435241   0.78582034   0.68669509   0.52710448   0.74848423   0.79748697   1.00000000   0.75213357   0.63735669   0.60872575   0.54413130   0.58357305   0.47561329   0.75329876   0.78810571   0.53150537   0.54352024   0.62236961   0.53547382   0.54064962   0.61633006   0.38404036   0.54344268   0.36099118   0.61788338   0.62768163   0.81258206   0.85225598   0.65856779   0.45235247   0.32871527   0.63241934   0.64849959   0.38599680   0.64539402   0.51674920   0.50586998   0.53633056   0.28976633   0.71113847   0.00000000   0.42975465   0.01501822   0.61067074   0.82889375   0.84426349   0.50637705   0.53990730   0.57309637   0.36196525   0.61390661   0.70314181   0.67634241   0.77831811   0.46869009   0.62214785   0.67783270   0.65236522   0.67647950   0.56324472   0.60900909   0.54078886   0.42192881   0.60559765   0.63256064   0.85151855   0.84991877   0.62535675   0.85318483   0.52273966   0.69185879   0.50848591   0.50383753   0.64628734   0.43690804   0.58969747   0.81069412   0.62510674   0.41135478   0.64676376   0.70720793   0.91374461   0.75781843   0.60177250   0.65901958   0.60094507   0.49220114   0.35395480   0.54252150   0.74354481   0.60669023   0.59310904   0.49249390   0.38961736   0.63385240   0.60922333   0.34625325   0.50913148   0.37459421   0.42666879   0.60061627   0.81173722   0.82459176   0.70664378   0.43525631   0.41635829   0.69525625   0.63687149   0.48575229   0.50107986   0.45837515   0.52799712   0.46563223   0.35333280   0.73745962   0.00000000   0.39927991   0.32905888   0.61288741   0.86250290   0.84584696   0.54325774   0.53844325   0.56823226   0.42708439   0.61879160   0.49453322   0.53773715   0.76013154   0.33680239   0.63678700   0.62320111   0.61448304   0.67689985   0.29433491   0.66325320   0.42633695   0.48819065   0.61813529   0.69153115   0.74785701   0.83034538   0.61685052   0.78987458   0.45966623   0.79430393   0.45511036   0.67141299   0.66675805
  0.56044258   0.65532799   0.64464800   0.60999542   0.53836319   0.56167600   0.58975064   0.75213357   1.00000000   0.60518452   0.59105072   0.59220287   0.63062649   0.57065228   0.60221378   0.59563931   0.59526096   0.59904306   0.62087994   0.56584517   0.60592976   0.64534092   0.60759908   0.47228334   0.59022323   0.64121633   0.70885164   0.50291272   0.53792114   0.76814328   0.39146616   0.38030091   0.62149873   0.67176056   0.55078691   0.67292788   0.60645570   0.62350326   0.60177625   0.42156090   0.72201620   0.00000000   0.54384424   0.36215046   0.57384632   0.65008312   0.69757168   0.61205137   0.64267826   0.52400172   0.49904512   0.59101568   0.66720915   0.46023393   0.51368487   0.72871627   0.76617466   0.64019377   0.63486270   0.54185346   0.54860966   0.58415095   0.60870182   0.34022229   0.51488009   0.65280184   0.86843382   0.74868752   0.63815859   0.59989275   0.41193249   0.73223098   0.58429021   0.60719579   0.68525663   0.47086915   0.66446426   0.55524083   0.60521565   0.37215975   0.45519016   0.44897076   0.67485215   0.88781785   0.71376892   0.61524639   0.61435172   0.62544590   0.36808481   0.50561060   0.53243226   0.67484786   0.65522638   0.58965614   0.58800398   0.70723949   0.61522199   0.57818817   0.59932883   0.67495381   0.46006009   0.61129004   0.63325892   0.59788605   0.75290000   0.33866522   0.51050420   0.73295453   0.69805547   0.60274411   0.60338832   0.65060911   0.74132484   0.53547027   0.44114672   0.72017932   0.00000000   0.47860998   0.59105886   0.61638357   0.67192853   0.66210330   0.61118242   0.69609839   0.51459818   0.56351870   0.65120199   0.54635833   0.40070903   0.53621388   0.55693879   0.80154253   0.58383585   0.72749915   0.52300051   0.41546596   0.70007350   0.50788497   0.53407702   0.62889184   0.72271995   0.75478192   0.70890051   0.63212297   0.59010730   0.37885083   0.81886459   0.63948949   0.79598069   0.73270158
  0.32994912   0.60292155   0.74857482   0.71198856   0.09859517   0.51184262   0.46643537   0.63735669   0.60518452   1.00000000   0.80861783   0.41691809   0.50949162   0.40584852   0.46819690   0.58999482   0.47672827   0.41478124   0.74700477   0.64593350   0.66304852   0.80859834   0.48810607   0.55327924   0.36618928   0.60193305   0.68064291   0.63855002   0.58834154   0.74669748   0.41816839   0.11553783   0.55444638   0.67640415   0.21970599   0.67037736   0.53191896   0.63322489   0.54299938   0.09826833   0.68413009   0.00000000   0.42915628  -0.18562837   0.85140798   0.71062327   0.78362406   0.42241145   0.43722589   0.36987453   0.41575315   0.79042107   0.43080119   0.28330180   0.55529279   0.36054732   0.71254816   0.80117249   0.80873975   0.79909336   0.73791551   0.84109467   0.32017735   0.40746958   0.49943624   0.80632363   0.72714925   0.68498665   0.55032507   0.63044126   0.47811947   0.77560211   0.60902593   0.64358521   0.67368065   0.02781665   0.59369334   0.68092398   0.35469804  -0.01133456   0.34081576   0.26602569   0.46262058   0.53723279   0.90395631   0.83078337   0.27685269   0.22823983  -0.00876562   0.07269846   0.38874893   0.51080402   0.35699506   0.37874091   0.30810865   0.59371599   0.81616679   0.14498042   0.23326431   0.07589676  -0.00307846   0.56187979   0.53803252   0.47534688   0.69582977   0.42482346   0.30601593   0.53150651   0.36696582   0.11589642   0.20400965   0.27338848   0.25379856   0.06705054   0.00451270   0.48130940   0.00000000   0.38742234   0.06423459   0.86275491   0.58321212   0.64118393   0.35542937   0.24855158   0.17141146   0.13477367   0.71523532   0.05334398   0.10222001   0.35237355  -0.02382880   0.46602670   0.57082445   0.61621146   0.62252388   0.17446967   0.77850197  -0.01613443   0.48691909   0.44648781   0.76850992   0.47513494   0.49527008   0.23043240   0.28936742   0.43457324   0.73868257   0.09658794   0.55552545   0.57096937
  0.26654817   0.73579210   0.83354166   0.73643961   0.20245751   0.39490998   0.49025979   0.60872575   0.59105072   0.80861783   1.00000000   0.47429520   0.44642689   0.39298069   0.46339114   0.53883110   0.58948488   0.47900435   0.85456200   0.88898372   0.79225447   0.84379214   0.55824250   0.45123558   0.57293410   0.68148509   0.82204406   0.58557041   0.53574360   0.88438819   0.44305933   0.26600576   0.74929784   0.78120198   0.44629173   0.78408295   0.65158706   0.71375679   0.48558372   0.15012674   0.77312154   0.00000000   0.60371029   0.04289256   0.87004195   0.68022226   0.80817716   0.41440121   0.63278081   0.37627016   0.54445763   0.75805050   0.40491738   0.24307466   0.47546206   0.47620518   0.79821068   0.80697024   0.90634029   0.81249832   0.78323581   0.85620335   0.26607010   0.43647369   0.41003077   0.92313241   0.61568547   0.70356490   0.53455070   0.61841252   0.43980273   0.82404511   0.68545764   0.73999359   0.78834433   0.01855131   0.73396837   0.71201171   0.44797141  -0.01137140   0.20231140   0.24294150   0.47441159   0.58439642   0.83191046   0.94611787   0.33176322   0.31166904  -0.08979714   0.05909317   0.32780317   0.61042775   0.42485398   0.59950965   0.56629264   0.71082012   0.84945237   0.34083617   0.25621874   0.25175186   0.05875336   0.62175921   0.56301331   0.45107659   0.82563313   0.41590380   0.44035023   0.66140370   0.49427692   0.28547164   0.32004071   0.47691791   0.38467189   0.15392488  -0.03896444   0.58148518   0.00000000   0.52255201   0.22515327   0.86689566   0.57425564   0.61514364   0.31651994   0.39390648   0.20633353   0.29598038   0.72694428   0.06173792   0.05672002   0.29864353   0.05138627   0.55125185   0.54236485   0.73841196   0.62592549   0.38481886   0.83821938  -0.04373472   0.54042002   0.38532467   0.89879453   0.42488830   0.50483707   0.26731004   0.32566084   0.40104685   0.76958443   0.25760107   0.68095587   0.63041592
  0.58998678   0.59598262   0.41454354   0.79109255   0.36119378   0.49824402   0.58348055   0.54413130   0.59220287   0.41691809   0.47429520   1.00000000   0.77246031   0.84526483   0.44447032   0.30879834   0.82446332   0.91159209   0.49760832   0.49546833   0.55416545   0.48202976   0.62201902   0.47865181   0.55707061   0.78979392   0.54247901   0.34368966   0.41944301   0.55423910   0.18333202   0.35454442   0.80576181   0.73459461   0.79604569   0.74671848   0.51314518   0.58640875   0.76415172   0.69161424   0.78700504   0.00000000   0.49215366   0.35919975   0.40944228   0.58491943   0.49601432   0.74962685   0.81678470   0.82256776   0.48524770   0.35644172   0.73348577   0.34337176   0.36063018   0.59635901   0.63639671   0.41034591   0.46003396   0.36333322   0.44497390   0.45564089   0.77028183   0.25553312   0.44734551   0.53993114   0.61696833   0.64809669   0.83455103   0.53969526   0.26417975   0.45574452   0.47777926   0.56035746   0.80259164   0.38884649   0.47194765   0.27702847   0.52694074   0.34669469   0.23962179   0.26744616   0.41175757   0.50359418   0.50682287   0.44153492   0.61044055   0.48079671   0.36306777   0.21303161   0.17158147   0.62283483   0.61926360   0.38176457   0.50909684   0.40521401   0.46283963   0.48573426   0.34322438   0.42742573   0.26134898   0.28846753   0.27316541   0.22754246   0.46177648   0.20342434   0.45460023   0.67386342   0.53228925   0.49927057   0.48262546   0.38430484   0.39498890   0.41423750   0.34420283   0.54696928   0.00000000   0.35210917   0.42956110   0.39900691   0.34165855   0.27194713   0.52771447   0.51809172   0.42823479   0.30460522   0.35258116   0.32448179   0.14955149   0.13536310   0.30547675   0.47261692   0.19188951   0.46031759   0.17145954   0.24047469   0.38563521   0.34627888   0.41438378   0.50847168   0.49178233   0.46974047   0.35018846   0.38484278   0.24593274   0.25669967   0.43380341   0.27499919   0.43393393   0.62866355
  0.75272091   0.53660480   0.40604384   0.73097507   0.44055039   0.70467546   0.57567088   0.58357305   0.63062649   0.50949162   0.44642689   0.77246031   1.00000000   0.85758257   0.62964034   0.59515304   0.71202292   0.73917465   0.46238201   0.32392703   0.58206922   0.53526136   0.54168918   0.77459326   0.42157269   0.62987142   0.45037967   0.46631765   0.56177964   0.48306359   0.56467668   0.26030620   0.73642998   0.73032172   0.60361480   0.68867853   0.54028735   0.66920578   0.91454628   0.46764481   0.70532941   0.00000000   0.34183240   0.21168916   0.49202023   0.65692526   0.50927266   0.79563929   0.71171697   0.58488879   0.55653095   0.49902984   0.70846795   0.41092095   0.60411012   0.47549972   0.59780702   0.48736925   0.50294250   0.53056220   0.54627106   0.62181516   0.87664481   0.54978933   0.74314270   0.54063218   0.67887265   0.63290365   0.77294028   0.59926316   0.62549109   0.53723339   0.63186531   0.65258164   0.71981633   0.40767570   0.42910317   0.35199951   0.43333857   0.29789161   0.56590766   0.25939320   0.39937962   0.44686639   0.51936513   0.47730124   0.43255704   0.54454369   0.30677704   0.25385039   0.40006867   0.49560390   0.52807781   0.31418227   0.25336629   0.40905221   0.47171537   0.41304151   0.60700852   0.20425703   0.09104836   0.19403641   0.36855017   0.33467098   0.40671489   0.59138943   0.52529043   0.54717006   0.52345529   0.40773829   0.25639837   0.36026258   0.33637769   0.30422589   0.16454157   0.39285614   0.00000000   0.27476536   0.33670041   0.43929079   0.40597874   0.29133139   0.57098416   0.40605607   0.26163122   0.29029912   0.38895309   0.28087453   0.20888349   0.27970251   0.10079407   0.33596713   0.35132842   0.39540424   0.38278271   0.09638419   0.43763236   0.36225707   0.68866961   0.70211859   0.45143062   0.42345784   0.34508202   0.27814061   0.24571462   0.63713943   0.45080628   0.31387253   0.40753714   0.53450149
  0.61668869   0.40941859   0.33021255   0.69831415   0.43172669   0.56579221   0.43312662   0.47561329   0.57065228   0.40584852   0.39298069   0.84526483   0.85758257   1.00000000   0.54270950   0.43923605   0.72999553   0.77709439   0.36761166   0.36196524   0.43783991   0.33948923   0.53285277   0.52513337   0.53470379   0.64312180   0.43378378   0.35708355   0.45704392   0.43648323   0.32249677   0.36993460   0.68465833   0.66414487   0.70701202   0.61351533   0.46078746   0.58105428   0.84938257   0.77468704   0.67668561   0.00000000   0.22684511   0.30993537   0.32237880   0.60556410   0.42629011   0.68881518   0.71921851   0.68341404   0.42049033   0.26597802   0.74775446   0.33343504   0.47341992   0.55924195   0.59329149   0.32524377   0.42466209   0.37820439   0.47152064   0.46297800   0.84283199   0.32784171   0.50200934   0.49514770   0.54718086   0.58543443   0.84373978   0.54077832   0.39067689   0.47331968   0.50022715   0.65457558   0.67410460   0.27925535   0.29237122   0.26744202   0.36673896   0.28323089   0.33054237   0.11454112   0.32670578   0.37648514   0.45213177   0.34945416   0.37726128   0.40452627   0.33233206   0.09103505   0.20410351   0.43829612   0.44393473   0.28251350   0.33298475   0.29181785   0.30003678   0.33538644   0.36747660   0.28860584   0.06993585   0.21757814   0.25010636   0.23550121   0.32219957   0.38097729   0.47913573   0.47926352   0.44005547   0.39954976   0.24492983   0.26029443   0.29112188   0.26228117   0.17756103   0.35162133   0.00000000   0.10482784   0.33513078   0.27669315   0.32020666   0.21527860   0.41553066   0.38068072   0.23996472   0.20384148   0.19786033   0.21493969   0.03916092   0.10448041   0.13108709   0.33985224   0.10413623   0.38367752   0.23461018   0.16698285   0.31832061   0.27470188   0.46352640   0.45722902   0.41147725   0.31870079   0.28114340   0.24390535   0.17109090   0.41306963   0.40403942   0.16728996   0.37477196   0.44333619
  0.73498431   0.47325904   0.59648169   0.54844173   0.66497600   0.81725568   0.74643032   0.75329876   0.60221378   0.46819690   0.46339114   0.44447032   0.62964034   0.54270950   1.00000000   0.90396238   0.36765130   0.37015627   0.51248249   0.34832198   0.49136838   0.49220851   0.34290012   0.61247920   0.36302845   0.50081310   0.49365802   0.69646262   0.78238997   0.52398415   0.61693370   0.31047836   0.50737878   0.52214058   0.32709081   0.52148402   0.51330143   0.52763003   0.51057822   0.33337878   0.58818190   0.00000000   0.38052973  -0.00396051   0.51792921   0.68999727   0.66811356   0.46911996   0.45236235   0.41148804   0.45764632   0.52448990   0.80903223   0.76057479   0.90395364   0.40540070   0.53479159   0.58133760   0.52681884   0.56003827   0.53497228   0.55116945   0.56932707   0.58092258   0.65835382   0.48245272   0.68462834   0.65389603   0.66924678   0.75720662   0.65265988   0.59296565   0.60487831   0.50324712   0.50631305   0.41994738   0.46022285   0.64965261   0.38015895   0.46685469   0.68789252   0.57827994   0.64591384   0.59378840   0.42277018   0.48036882   0.33272349   0.42252445   0.19949722   0.51033394   0.83157379   0.33953489   0.31977881   0.31685159   0.13201183   0.45231937   0.45881613   0.25017155   0.57132552   0.18933035   0.16834058   0.36001682   0.60166039   0.64959037   0.52897887   0.58898115   0.41239950   0.44657139   0.39467835   0.27410191   0.17557497   0.38961818   0.37726058   0.27972900   0.17718262   0.39315007   0.00000000   0.32903156   0.19238160   0.44806759   0.64257059   0.61032860   0.40066899   0.29266697   0.27433355   0.38353462   0.47133587   0.40112272   0.51470447   0.72339730   0.15147769   0.37540775   0.49317294   0.36971352   0.50965743   0.14062132   0.48672585   0.32436965   0.52593626   0.53700826   0.46606635   0.53705643   0.54892098   0.43631100   0.56824554   0.56076023   0.60507403   0.35387426   0.43004652   0.40657119
  0.63761095   0.45082391   0.68139512   0.57560243   0.58995705   0.83617881   0.73044248   0.78810571   0.59563931   0.58999482   0.53883110   0.30879834   0.59515304   0.43923605   0.90396238   1.00000000   0.35256645   0.29193937   0.52825037   0.34702281   0.52270415   0.55367830   0.33964138   0.65987512   0.25818053   0.41471644   0.48500072   0.80972335   0.87116824   0.54296278   0.72968070   0.28902492   0.49089807   0.52828589   0.19391760   0.50414247   0.51646723   0.51879309   0.51315832   0.15469087   0.56251177   0.00000000   0.28568124  -0.09533033   0.59988503   0.77377703   0.74040215   0.42647262   0.38688771   0.31336225   0.44836354   0.59947982   0.61613540   0.65659321   0.91726041   0.27001001   0.52067748   0.60519654   0.58960384   0.70234932   0.60227209   0.66737489   0.43043736   0.66590750   0.70460842   0.57986654   0.72451113   0.69040348   0.54764395   0.80207267   0.76101251   0.68326943   0.60902199   0.53265718   0.48360798   0.32323955   0.46210627   0.78419355   0.44098455   0.35939325   0.75783601   0.57616942   0.67106904   0.53186886   0.49186491   0.56315710   0.30828875   0.44200337   0.18691924   0.43091427   0.88468237   0.37860833   0.33699653   0.35064163   0.06275675   0.50954666   0.51195369   0.22622690   0.59175484   0.05325159   0.11811230   0.38790531   0.73945795   0.75892913   0.54769240   0.71586052   0.44864619   0.43435031   0.43607601   0.25822091   0.14265897   0.36764753   0.32375994   0.25483775   0.08881953   0.43419979   0.00000000   0.27086008   0.17339479   0.52606439   0.76449042   0.68981034   0.41617551   0.28731293   0.28404044   0.36471555   0.48445475   0.33088660   0.47093848   0.74496230   0.00390090   0.34817176   0.55006281   0.40180962   0.68573994   0.17312842   0.58886970   0.23752622   0.63261355   0.58446807   0.54775838   0.51302562   0.64403890   0.40389673   0.61676071   0.70073688   0.67199806   0.32493404   0.49606925   0.39809873
  0.43801529   0.59731312   0.50570161   0.79225929   0.31137307   0.39923483   0.44014152   0.53150537   0.59526096   0.47672827   0.58948488   0.82446332   0.71202292   0.72999553   0.36765130   0.35256645   1.00000000   0.86753287   0.54644544   0.58082926   0.62690855   0.50326271   0.74988168   0.49715947   0.58175011   0.75382875   0.55857844   0.41791040   0.47269080   0.60778473   0.26737319   0.47580671   0.83955516   0.80634827   0.84888645   0.77150879   0.57144314   0.64994665   0.76269284   0.54853299   0.77503292   0.00000000   0.46123646   0.43850866   0.44760103   0.62393098   0.51211667   0.69640081   0.87876730   0.68913161   0.55475737   0.38310081   0.53970578   0.17688340   0.37968258   0.56327476   0.63242037   0.43207803   0.53952424   0.50322173   0.54991185   0.59916959   0.62115999   0.32318636   0.45039742   0.65375803   0.58422414   0.63926215   0.72038764   0.56998371   0.33140505   0.56131942   0.56941212   0.68184068   0.83970110   0.25184154   0.51211373   0.38799854   0.45334372   0.23557716   0.18879429   0.12197411   0.36843949   0.46455090   0.59300481   0.51356185   0.45318313   0.40061979   0.17935046   0.02393846   0.14808401   0.62397063   0.57336901   0.50250039   0.52716413   0.47757025   0.45703990   0.57007219   0.27631800   0.35883278   0.09516493   0.34329721   0.33910504   0.26939803   0.49268787   0.32252259   0.58253570   0.62609947   0.56764146   0.55912109   0.42032381   0.47375308   0.38471620   0.26540590   0.12727882   0.54467526   0.00000000   0.30013293   0.53192998   0.44075093   0.36188249   0.25198465   0.43401597   0.52207025   0.31842896   0.37825582   0.33032660   0.12576062  -0.03169859   0.09369471   0.10533175   0.39836482   0.19629268   0.50806192   0.34129944   0.29658875   0.47769058   0.15385938   0.54580400   0.46805172   0.58831860   0.35135120   0.35879324   0.22180792   0.23716110   0.37772597   0.48244341   0.25583948   0.53459601   0.60449521
  0.54397834   0.55398736   0.41986437   0.73324784   0.33025532   0.47945189   0.55879675   0.54352024   0.59904306   0.41478124   0.47900435   0.91159209   0.73917465   0.77709439   0.37015627   0.29193937   0.86753287   1.00000000   0.46389044   0.49505439   0.51446049   0.46456135   0.60274275   0.40157724   0.49096238   0.71997614   0.51117996   0.33467778   0.40263910   0.53859158   0.15297078   0.31781603   0.77398486   0.72028413   0.80504315   0.71514595   0.48229966   0.54730307   0.75780041   0.61243076   0.74767232   0.00000000   0.44269138   0.39769227   0.40073549   0.52464710   0.47102128   0.85807302   0.82589506   0.85755553   0.44292944   0.33732058   0.64687310   0.34648869   0.31341327   0.56723401   0.57166222   0.39785397   0.43747886   0.37855498   0.44160609   0.44967178   0.74149089   0.17023083   0.39249486   0.51304928   0.62257699   0.60938700   0.71948780   0.50720691   0.21126248   0.44544993   0.44859102   0.52392561   0.78567321   0.35509065   0.47839863   0.28685012   0.54668729   0.30021449   0.26102169   0.30630868   0.44333474   0.52279057   0.51732468   0.44728009   0.64906743   0.52279481   0.36683498   0.21088253   0.18007116   0.68313557   0.73405734   0.41670214   0.51801338   0.43110030   0.43179168   0.55405766   0.32852443   0.44701651   0.31533452   0.32055315   0.32177010   0.28386324   0.45138177   0.17379830   0.40479325   0.71502920   0.59853294   0.60028429   0.55394744   0.41866211   0.45556496   0.45992437   0.39607214   0.60246321   0.00000000   0.33332553   0.50367156   0.41733682   0.36231476   0.29424912   0.63935506   0.61004627   0.53525615   0.36634654   0.33781377   0.31645701   0.17896609   0.17520240   0.31266383   0.46405613   0.21744136   0.48040604   0.24218263   0.25735864   0.40454583   0.37585450   0.39677544   0.49857311   0.49663375   0.50003506   0.39444290   0.41455219   0.29782487   0.22815175   0.45426311   0.34640016   0.50747593   0.68299048
  0.34506609   0.86773293   0.80194137   0.71287581   0.21158695   0.42227683   0.53136774   0.62236961   0.62087994   0.74700477   0.85456200   0.49760832   0.46238201   0.36761166   0.51248249   0.52825037   0.54644544   0.46389044   1.00000000   0.88055481   0.87515265   0.83488170   0.57439421   0.49984411   0.63855544   0.70610813   0.85499333   0.61563903   0.56631744   0.87279275   0.39551445   0.25118063   0.68505685   0.75211000   0.45556736   0.79705601   0.77811994   0.71840157   0.46590600   0.11706684   0.77040756   0.00000000   0.77263829   0.02197057   0.78777728   0.65765996   0.79260403   0.44639881   0.62276477   0.35209472   0.61427292   0.81799587   0.48199874   0.24159784   0.52500683   0.50922797   0.82530420   0.92013110   0.91639701   0.80666377   0.84447032   0.81088965   0.30522575   0.39878746   0.45919017   0.83477733   0.61750043   0.72157505   0.60190526   0.65438157   0.40956634   0.83388977   0.75021310   0.68439286   0.75114666   0.15032915   0.85295643   0.68748823   0.48243780   0.05300760   0.23363698   0.28417413   0.46904012   0.62304570   0.75691543   0.86492729   0.36321675   0.34679603  -0.05388054   0.19984934   0.41174190   0.59892968   0.41862871   0.70418674   0.59517548   0.82310902   0.85664789   0.40950206   0.31882380   0.27861703   0.11699427   0.55632869   0.56162321   0.45739825   0.81772713   0.37111627   0.39729222   0.66035349   0.51162158   0.31517531   0.35880244   0.57556727   0.47581518   0.18387013   0.04221389   0.56921187   0.00000000   0.70897116   0.29587657   0.79671343   0.55863538   0.59090189   0.37903292   0.43186043   0.22434949   0.38420366   0.83369207   0.19294236   0.15018920   0.38421760   0.11042004   0.58067433   0.69907218   0.76510361   0.62518271   0.51215741   0.84373864   0.06708293   0.51918379   0.43176343   0.83664875   0.44129558   0.50187091   0.36182436   0.36352310   0.37168745   0.75980463   0.35802775   0.65849319   0.62282133
  0.20481368   0.73573716   0.75975888   0.64751375   0.16450329   0.24883528   0.39092901   0.53547382   0.56584517   0.64593350   0.88898372   0.49546833   0.32392703   0.36196524   0.34832198   0.34702281   0.58082926   0.49505439   0.88055481   1.00000000   0.73098401   0.70644628   0.55490314   0.25331671   0.69936084   0.69304899   0.85427111   0.46431164   0.41507369   0.85409117   0.20203756   0.31831206   0.69786720   0.74221452   0.55138231   0.75673904   0.64117991   0.61334509   0.40353776   0.22506939   0.71616100   0.00000000   0.67975402   0.14100841   0.67004448   0.55611212   0.70096291   0.34718172   0.63808144   0.37232634   0.45890309   0.62595595   0.39879303   0.14696726   0.32737581   0.54409939   0.77851353   0.75860829   0.86552743   0.66648490   0.70475075   0.67798641   0.23913631   0.21932965   0.19908275   0.83385291   0.51271999   0.65463168   0.52622579   0.54980985   0.19185731   0.74530972   0.57488883   0.65060075   0.73484909   0.05564112   0.76852013   0.61014223   0.44117129   0.00671706   0.01455273   0.16217386   0.43929895   0.61252236   0.73591185   0.82127419   0.39229541   0.27338839  -0.07821534   0.09248615   0.20501143   0.63420554   0.45954685   0.71013625   0.74698125   0.73709077   0.74229771   0.39238037   0.13630809   0.42405772   0.15504899   0.64983554   0.46792649   0.38198045   0.80645524   0.17345708   0.38106535   0.68102104   0.51619437   0.39841464   0.45503107   0.53164759   0.47880185   0.22892866   0.06879773   0.62591064   0.00000000   0.55350200   0.34800588   0.70897079   0.49010818   0.54310503   0.29870053   0.48731198   0.28580288   0.33121078   0.70208423   0.13921648   0.02768268   0.24889095   0.20091807   0.62554341   0.49031906   0.81614645   0.53232134   0.54890218   0.76995876   0.02756440   0.36614635   0.24797788   0.87007054   0.38129147   0.47992099   0.33481000   0.34944989   0.16720903   0.73477320   0.29251152   0.70906285   0.64192408
