  1.00000000   0.78121429   0.46884855   0.51739123   0.80853461   0.83934389   0.60241402   0.56825990   0.81772304   0.69903902   0.40964641   0.69982531   0.78687978   0.65806673   0.86279306   0.70693269   0.63716481   0.71545838   0.64514406   0.45426108   0.70160315   0.69967983   0.60401880   0.88282866   0.84139761   0.65026356   0.55873007   0.43521491   0.53849804   0.68601870   0.57862157   0.50701224   0.66866319   0.72712879   0.61685481   0.72821514   0.80350554   0.78485065   0.62660043   0.60150343   0.66997930   0.00000000   0.72252204   0.47567986   0.65438461   0.49620748   0.57103969   0.77666104   0.66821154   0.50661330   0.66868369   0.64608857   0.76696963   0.84363804   0.74624758   0.79620467   0.63175614   0.63155885   0.54444194   0.53555276   0.59504371   0.55807314   0.81320955   0.47109952   0.74455635   0.58879803   0.80242373   0.45809177   0.62354806   0.38696707   0.65724256   0.81193572   0.74831168   0.79844160   0.70654952   0.89529756   0.62280033   0.46245318   0.37526751   0.87902609   0.82733354   0.51878727   0.53523991   0.76734706   0.61233056   0.62006946   0.61305941   0.72290754   0.66634962   0.78227943   0.68254238   0.44893995   0.49229007   0.54283479   0.52532825   0.63094650   0.65984701   0.28263515   0.76386410   0.78772743   0.51031637   0.57828084   0.34170763   0.30654859   0.67660460   0.58801475   0.72290797   0.62696693   0.60363525   0.40600224   0.60510279   0.72235738   0.78484724   0.70625509   0.56989517   0.59056232   0.00000000   0.72936539   0.18181685   0.64995037   0.40223770   0.51354971   0.64733061   0.51852779   0.44136140   0.51966090   0.61265783   0.71643609   0.81158736   0.64998894   0.55614553   0.60797929   0.55930010   0.49052523   0.48502436   0.60977809   0.54615787   0.54969869   0.64497190   0.74774181   0.56862006   0.79736258   0.37308906   0.49347757   0.31068194   0.62343646   0.76772208   0.69912714   0.75177056   0.61119153
  0.78121429   1.00000000   0.73060804   0.76951092   0.57044312   0.77197514   0.80121124   0.79462844   0.67964320   0.82881352   0.70183406   0.78839532   0.77799095   0.68459081   0.77534241   0.75697580   0.87472893   0.87481999   0.92269126   0.74588775   0.93267374   0.89411548   0.75173348   0.81475204   0.71217121   0.81319562   0.81598966   0.70121122   0.74957265   0.84514064   0.77109290   0.59924931   0.84929086   0.87148062   0.76674981   0.85140189   0.88190954   0.83982786   0.73379090   0.56924167   0.84095544   0.00000000   0.81333803   0.44311527   0.82591402   0.73880479   0.81622283   0.62239273   0.81017882   0.75571054   0.78768601   0.89812347   0.75598738   0.80460141   0.74097784   0.61133289   0.83675402   0.89869796   0.85488703   0.81103287   0.84800530   0.83006048   0.76269595   0.61213319   0.73838973   0.81734642   0.85532583   0.69487449   0.76563976   0.63798638   0.67680161   0.72733035   0.90967511   0.76358055   0.85212895   0.71686510   0.88592488   0.73093325   0.63603527   0.79409113   0.73143559   0.72385835   0.78185165   0.63403722   0.78092761   0.84781841   0.85070093   0.71218250   0.77014041   0.85016372   0.78810075   0.78944893   0.77836096   0.85323127   0.78346545   0.90258298   0.86703516   0.52575059   0.82844641   0.69779720   0.81604589   0.85726269   0.63175523   0.54441466   0.87851177   0.81114080   0.68475759   0.83959762   0.79544182   0.66463394   0.86528073   0.79683134   0.82271370   0.81425601   0.73836166   0.83975791   0.00000000   0.82282018   0.39641164   0.85619179   0.66584922   0.79294799   0.78126936   0.75038125   0.72496340   0.66169604   0.85463459   0.85067214   0.81050140   0.74469454   0.73738172   0.87657575   0.79674743   0.82176224   0.75444334   0.88611700   0.85845570   0.73133602   0.84219701   0.82962801   0.84421813   0.85209945   0.65556707   0.75372909   0.59987933   0.79368179   0.81547096   0.77948518   0.85450062   0.80836416
  0.46884855   0.73060804   1.00000000   0.87557690   0.52340609   0.61926705   0.88608311   0.94754980   0.57250229   0.83700718   0.73931059   0.75010825   0.58135181   0.66964855   0.61201554   0.83751198   0.79333537   0.67675223   0.82804116   0.82435516   0.87407293   0.83757716   0.50848415   0.48630912   0.54567807   0.65252376   0.91877183   0.95363209   0.91299090   0.89425952   0.82671034   0.57380957   0.78036716   0.64296784   0.45577406   0.67094102   0.59113775   0.45463648   0.72153598   0.64601375   0.85047256   0.00000000   0.45201195  -0.00654048   0.62529316   0.94571707   0.94995926   0.35929563   0.56222542   0.79328628   0.43843994   0.84548329   0.62080825   0.54788650   0.74340488   0.29277699   0.81659662   0.75524488   0.81804983   0.92517699   0.83770657   0.88087045   0.53217049   0.82932901   0.52712780   0.90976152   0.75536899   0.93258489   0.75063842   0.89558092   0.75652393   0.67171320   0.71864153   0.64099190   0.79912190   0.46302879   0.89517481   0.98681238   0.82442325   0.59430641   0.59273804   0.88354327   0.95075038   0.50029240   0.90456905   0.75431219   0.70956156   0.37358645   0.60127947   0.59990946   0.84126719   0.78466849   0.70184479   0.79502303   0.83004687   0.87787168   0.83674116   0.31155937   0.54614121   0.46705490   0.73727521   0.89098904   0.93589487   0.88871830   0.86092703   0.82273480   0.44250707   0.78774616   0.88167439   0.40016292   0.74797916   0.50709124   0.62103551   0.55521301   0.66422612   0.86144391   0.00000000   0.40508298   0.13831339   0.70540509   0.94431266   0.95541073   0.63656982   0.49076139   0.71893172   0.43299939   0.86397707   0.68789687   0.59932257   0.84536815   0.42486024   0.80223983   0.51436808   0.78308115   0.91591163   0.84066332   0.85118316   0.55159582   0.73474182   0.65192774   0.90330874   0.74695237   0.92108706   0.76927940   0.88976521   0.84885985   0.75090705   0.41867961   0.74848636   0.85373507
  0.51739123   0.76951092   0.87557690   1.00000000   0.42687633   0.64795436   0.90441050   0.93517665   0.55720392   0.81495117   0.74347303   0.82604602   0.67095087   0.68027914   0.67994009   0.80134744   0.86779981   0.81241714   0.83111006   0.76879138   0.87767228   0.83683184   0.60697470   0.59432188   0.60007447   0.76793922   0.89802971   0.93680827   0.94518330   0.85558238   0.78081397   0.60236686   0.86269797   0.74109083   0.59189325   0.75965377   0.65272596   0.58763290   0.81424259   0.66897008   0.90830723   0.00000000   0.48508011   0.11856444   0.67007103   0.96805213   0.88395932   0.52840593   0.65615023   0.90213769   0.54343298   0.86482899   0.70339064   0.66651495   0.77528683   0.37067101   0.84019013   0.77667459   0.81190288   0.85867581   0.83082139   0.88826890   0.63541743   0.78374203   0.61656154   0.88728125   0.76142254   0.92187603   0.84472872   0.89779869   0.68284680   0.65979210   0.77075978   0.63935445   0.86957418   0.51935605   0.82214383   0.88205607   0.94474596   0.63446353   0.63222361   0.90811848   0.94919770   0.48323011   0.85454931   0.76128140   0.84216649   0.46782748   0.68256152   0.68775569   0.80881313   0.84741839   0.80416740   0.75803218   0.80751697   0.87015999   0.83327051   0.40442656   0.63026030   0.55061224   0.84040733   0.87140758   0.89685089   0.85530436   0.83745845   0.77084851   0.56648746   0.89365198   0.90914474   0.50453876   0.87452947   0.56828001   0.64709668   0.65550724   0.72614460   0.91257569   0.00000000   0.40198609   0.23786677   0.73262497   0.93697783   0.91367563   0.73539125   0.57838642   0.85926775   0.49241897   0.84201545   0.73998242   0.69458776   0.84904663   0.54689580   0.82842493   0.46249599   0.78326120   0.83651614   0.84189321   0.87173529   0.62230948   0.78734938   0.76168827   0.87245207   0.74742504   0.89041932   0.85310860   0.87240222   0.78172633   0.75000954   0.51227102   0.74792233   0.90391664
  0.80853461   0.57044312   0.52340609   0.42687633   1.00000000   0.77652574   0.50156129   0.52555946   0.82985421   0.67674359   0.30062799   0.58895396   0.59809464   0.60631109   0.74973665   0.70423147   0.43655910   0.48041239   0.51571976   0.38030067   0.57297484   0.55292988   0.33574502   0.64288440   0.74609766   0.40380962   0.50550922   0.43756853   0.49799589   0.63761939   0.50790439   0.50652989   0.47895657   0.47303889   0.29429574   0.48671371   0.57958707   0.52403168   0.48470989   0.61171856   0.51966722   0.00000000   0.44092646   0.13480430   0.42538430   0.48064035   0.53495701   0.58757767   0.40100019   0.37186297   0.34559956   0.50517263   0.65930120   0.60119378   0.71552632   0.57160350   0.50088461   0.45618705   0.40188807   0.54761544   0.51539508   0.46070218   0.65865690   0.52811884   0.53404204   0.55587554   0.69432930   0.47335655   0.49821183   0.40758948   0.77625806   0.79097559   0.57558652   0.74198915   0.52303167   0.74999288   0.57482182   0.51025601   0.33970503   0.73693881   0.73364141   0.47314477   0.49702727   0.75913819   0.62545548   0.44829908   0.40250673   0.47034831   0.49798569   0.53336121   0.64291090   0.29649947   0.29851090   0.45452551   0.44038828   0.51916816   0.53136100   0.00005909   0.50361824   0.58921013   0.30802575   0.47166029   0.39836711   0.37418724   0.56686832   0.46720635   0.55470574   0.45380925   0.51733015   0.10080054   0.39036872   0.47733104   0.61502904   0.47833408   0.43421617   0.44531172   0.00000000   0.47926766  -0.12974160   0.45862947   0.43128037   0.49479160   0.45357032   0.24877850   0.27093738   0.29946255   0.50046438   0.54295574   0.58787364   0.63109865   0.20972905   0.43931978   0.41435251   0.37341544   0.53332837   0.48792452   0.40036228   0.38001997   0.44313533   0.56549175   0.48482473   0.68640478   0.42886560   0.39376780   0.35276424   0.57619868   0.67362480   0.41918326   0.64356909   0.51594017
  0.83934389   0.77197514   0.61926705   0.64795436   0.77652574   1.00000000   0.73192533   0.72083202   0.87755656   0.80023614   0.49024310   0.75374314   0.76966346   0.72918532   0.80718152   0.80191340   0.72325156   0.76932719   0.69026045   0.54666931   0.76374544   0.73946948   0.61391658   0.80822103   0.79320399   0.65871279   0.63832900   0.58340921   0.65041655   0.76323436   0.74685585   0.67717611   0.73748486   0.72808375   0.61911194   0.75615593   0.77604695   0.73422298   0.67583983   0.70365024   0.75138553   0.00000000   0.67116426   0.38273425   0.65750903   0.64180148   0.71006991   0.72705266   0.68265878   0.64398378   0.62641519   0.70231753   0.74762133   0.80253678   0.81346575   0.68371839   0.64892137   0.66600374   0.58236493   0.66332542   0.68755126   0.64870239   0.75458775   0.69669112   0.75082378   0.69253154   0.87603903   0.58471705   0.65834412   0.51462363   0.84751450   0.84718052   0.76770711   0.81064958   0.77398016   0.78788102   0.71718816   0.62389003   0.53812133   0.83463113   0.91246159   0.64918331   0.68564761   0.82180725   0.72389239   0.65211437   0.68212939   0.63659272   0.70877374   0.74861111   0.80742570   0.57277896   0.61908166   0.59002286   0.59440612   0.70873148   0.70880343   0.32938676   0.76027996   0.73978390   0.56286162   0.62850988   0.52072393   0.50089733   0.74128262   0.70889045   0.77174042   0.71637659   0.73912483   0.44503926   0.64355624   0.70372930   0.80667272   0.68623127   0.63928830   0.68612791   0.00000000   0.66150455   0.22948930   0.67534506   0.57143001   0.66097211   0.71139956   0.52262852   0.55443960   0.55417167   0.64900537   0.72776819   0.78575258   0.75377046   0.53713054   0.62891959   0.54265117   0.51517833   0.63134841   0.68482445   0.62144889   0.60659428   0.76955363   0.77827620   0.67022262   0.85635088   0.53529048   0.58522882   0.45325601   0.74739697   0.80126760   0.67292705   0.80903996   0.72180981
  0.60241402   0.80121124   0.88608311   0.90441050   0.50156129   0.73192533   1.00000000   0.95209036   0.61444855   0.81605794   0.73003593   0.87786137   0.75486212   0.74299970   0.73009453   0.86014708   0.87798361   0.82489365   0.83600899   0.77374822   0.90124152   0.87334616   0.61134183   0.63616332   0.63498328   0.79746328   0.88045573   0.88394042   0.91386450   0.87348383   0.80739222   0.70184964   0.89553534   0.74242260   0.62127454   0.82959926   0.72292584   0.58440116   0.85610470   0.73505566   0.92689699   0.00000000   0.60462748   0.23327378   0.72383692   0.91030591   0.91227994   0.54606694   0.73051290   0.90311050   0.61313484   0.87632722   0.73267263   0.75647686   0.78334169   0.45607070   0.84851234   0.81094511   0.80824711   0.86206418   0.85643255   0.87895740   0.66442387   0.81750411   0.59944146   0.87613355   0.84224567   0.87041017   0.84980678   0.84018323   0.69987405   0.70913462   0.80424924   0.65982804   0.90616236   0.60143862   0.86691805   0.86473931   0.84333795   0.69304160   0.71619259   0.94630958   0.93162231   0.53735774   0.85346322   0.78885059   0.85588745   0.52445516   0.71364755   0.74730808   0.83500230   0.83990200   0.80899321   0.79341020   0.81597160   0.88911698   0.85690580   0.46137966   0.70244400   0.59296519   0.80822576   0.86033222   0.81396166   0.77714175   0.85810045   0.80924043   0.61113167   0.88895586   0.92292278   0.56758783   0.83497142   0.64068438   0.70679217   0.72011708   0.71548458   0.91198341   0.00000000   0.53882361   0.32231993   0.77589627   0.87094955   0.90850827   0.77657535   0.64126106   0.83966511   0.58529844   0.83214284   0.79100411   0.76653928   0.82436970   0.60867174   0.84478555   0.57696911   0.76837761   0.82640454   0.86986430   0.86894688   0.70737170   0.85749439   0.77257108   0.87068318   0.81610504   0.81611390   0.82604070   0.78657354   0.84542265   0.76050921   0.58437818   0.77659325   0.89152241
  0.56825990   0.79462844   0.94754980   0.93517665   0.52555946   0.72083202   0.95209036   1.00000000   0.64313977   0.85549344   0.73792858   0.84947443   0.70822669   0.73857559   0.70034636   0.86948662   0.88040244   0.78341977   0.84009406   0.79181065   0.90926090   0.87494211   0.60572987   0.61760011   0.63069179   0.79414721   0.91516508   0.94132246   0.94185197   0.90557741   0.84281079   0.64996664   0.88245912   0.74470554   0.59723228   0.80833623   0.70663484   0.58270888   0.81422697   0.70907168   0.93622643   0.00000000   0.55522182   0.15907967   0.70811176   0.95870490   0.96281109   0.48954563   0.69261791   0.88391454   0.57752146   0.87797804   0.71673933   0.69422944   0.78000459   0.42929732   0.86177199   0.78532124   0.82047992   0.89166118   0.87310974   0.89798098   0.64568658   0.85527434   0.61905113   0.91128433   0.84705739   0.92781732   0.83355422   0.87867219   0.75294452   0.73042030   0.80631782   0.67901278   0.89816884   0.58312550   0.88434632   0.93316641   0.87195639   0.69884903   0.69495814   0.92891234   0.97719736   0.56674650   0.90534872   0.79086262   0.82699503   0.51581944   0.69776965   0.72508319   0.86688357   0.85038751   0.80475222   0.78930880   0.82113298   0.90160738   0.86480982   0.43041163   0.68595413   0.58372386   0.82064274   0.89454497   0.88627006   0.84671692   0.89155946   0.84113816   0.57879772   0.88555165   0.93360539   0.51335238   0.82741373   0.62004504   0.71868376   0.67843366   0.71776011   0.93408569   0.00000000   0.49524187   0.27649978   0.76857365   0.92514073   0.96679596   0.74910111   0.60043926   0.82226560   0.55573070   0.85060640   0.78264713   0.74158311   0.86134902   0.59082960   0.84757632   0.54376799   0.77609127   0.85679822   0.87495011   0.87824745   0.69306370   0.84534219   0.76872249   0.91288749   0.83175473   0.88529653   0.81999770   0.84266777   0.87194545   0.79604945   0.56047462   0.80082813   0.90637921
  0.81772304   0.67964320   0.57250229   0.55720392   0.82985421   0.87755656   0.61444855   0.64313977   1.00000000   0.80549891   0.44420868   0.68827524   0.74942411   0.72177963   0.84385848   0.81001622   0.62549631   0.65283717   0.59094947   0.49008888   0.69204927   0.69526277   0.65370658   0.80458370   0.89139984   0.56365934   0.56148247   0.51340132   0.59277074   0.74281581   0.73090804   0.58663538   0.67273350   0.68419906   0.60544877   0.67207435   0.73490692   0.70869521   0.60030357   0.68526077   0.66757896   0.00000000   0.66569506   0.43921674   0.65925995   0.57724073   0.64165452   0.72064073   0.62821535   0.49112241   0.59412789   0.62640315   0.75266006   0.74537806   0.79246192   0.75690188   0.60753355   0.57643051   0.48318883   0.57557463   0.60932863   0.59303186   0.76602859   0.68458379   0.70250798   0.64331273   0.88434106   0.50169248   0.57324495   0.42151044   0.83844889   0.95257713   0.70099125   0.88515651   0.71974854   0.76468299   0.65699895   0.56724569   0.48588242   0.81290323   0.88086316   0.52705131   0.59233034   0.93235257   0.72567161   0.60933697   0.51835434   0.62910505   0.60974161   0.71727976   0.77335663   0.45854963   0.45210572   0.51103703   0.53925161   0.63307839   0.66727718   0.34187512   0.73821694   0.80790180   0.39945221   0.55214903   0.44327238   0.43333599   0.71075616   0.66622667   0.69277821   0.62780103   0.68447152   0.38799641   0.50237500   0.69503680   0.82229057   0.61083028   0.52360552   0.59047481   0.00000000   0.64416897   0.24838508   0.65874232   0.50530487   0.57893090   0.64317573   0.45970248   0.38561098   0.55336361   0.58668851   0.70290601   0.73657843   0.72232982   0.42077060   0.55995286   0.48331872   0.42943382   0.54652144   0.61739093   0.55708765   0.43702511   0.69068517   0.77099567   0.61181930   0.87156478   0.43596061   0.44127471   0.36556667   0.72047683   0.82296762   0.66700515   0.81741996   0.65175053
  0.69903902   0.82881352   0.83700718   0.81495117   0.67674359   0.80023614   0.81605794   0.85549344   0.80549891   1.00000000   0.79498892   0.76679607   0.71709516   0.70130611   0.77795167   0.83970680   0.81542532   0.78098631   0.87042726   0.82656023   0.91147088   0.92680091   0.67836380   0.69596188   0.81048685   0.68808456   0.87340645   0.80606986   0.82831475   0.96180983   0.85993846   0.70897730   0.83431593   0.73536535   0.60294420   0.72368804   0.74835300   0.65491307   0.71172608   0.63753765   0.82697688   0.00000000   0.67017505   0.27243162   0.83704954   0.84704561   0.89030325   0.65026161   0.64871923   0.72100033   0.56821715   0.86909183   0.74396190   0.70015771   0.83227100   0.56867158   0.83469228   0.83816380   0.83465267   0.87174449   0.83585225   0.86895880   0.70291015   0.80173035   0.68174280   0.93488720   0.90646276   0.80000373   0.71842582   0.72879153   0.83074466   0.88445540   0.80338870   0.84504691   0.86143956   0.66888865   0.89336517   0.83056926   0.76290617   0.78920762   0.78822988   0.77830560   0.84524945   0.76545928   0.96222092   0.87464346   0.69326916   0.52102140   0.62312027   0.73950001   0.82618150   0.72558385   0.68239059   0.82302666   0.86452363   0.89522211   0.92498932   0.43383025   0.70928035   0.73368142   0.67710821   0.85189700   0.75997502   0.70104608   0.93709374   0.82840463   0.69509476   0.81181666   0.84477596   0.48094249   0.72125228   0.66931214   0.78639078   0.65660043   0.60666663   0.81692265   0.00000000   0.62135313   0.28385866   0.87539058   0.79809690   0.86853025   0.73062618   0.52337836   0.64869014   0.58098432   0.85847441   0.76753304   0.76207137   0.86988766   0.50232173   0.81642791   0.60717048   0.79767877   0.84103758   0.84370034   0.85826496   0.53793514   0.79603273   0.79914853   0.91802182   0.91333573   0.75801284   0.68161478   0.69695249   0.86369462   0.92943581   0.62878077   0.89577055   0.83120213
  0.40964641   0.70183406   0.73931059   0.74347303   0.30062799   0.49024310   0.73003593   0.73792858   0.44420868   0.79498892   1.00000000   0.60363514   0.51237511   0.46185914   0.54695479   0.60119098   0.73772771   0.65635915   0.80516966   0.95685266   0.78671909   0.85416803   0.57286702   0.41193447   0.55534638   0.63131745   0.81611705   0.74814722   0.72852438   0.83825723   0.67889930   0.51352400   0.74488161   0.57590571   0.53395522   0.57622237   0.55205448   0.43844728   0.59158083   0.45971261   0.71099958   0.00000000   0.57998705   0.18809302   0.81410245   0.75995513   0.79491464   0.40346621   0.54241247   0.68563452   0.43784332   0.78526260   0.54576806   0.50361350   0.60539129   0.36104427   0.78606822   0.80014727   0.88547604   0.78344528   0.70716853   0.80731729   0.47556421   0.58372072   0.40508783   0.87943690   0.67617278   0.72590976   0.59102397   0.67365741   0.48921570   0.58959669   0.62331013   0.57435298   0.72339679   0.36917464   0.76555014   0.71935991   0.72204596   0.51482167   0.45641049   0.72628508   0.75883641   0.43014337   0.81975829   0.94108135   0.61977861   0.28877392   0.42478868   0.58393557   0.59974140   0.75705138   0.68442589   0.78664488   0.92857751   0.77982728   0.89112516   0.49846562   0.51989831   0.53249842   0.68719192   0.79788941   0.70697616   0.65476897   0.83761860   0.70294919   0.40542855   0.73068328   0.68375731   0.52456927   0.66321855   0.50629104   0.54627289   0.49872700   0.46229955   0.76610492   0.00000000   0.45846116   0.39125900   0.85392908   0.73085158   0.79303312   0.62895613   0.51621968   0.66782075   0.49021647   0.80899384   0.60380449   0.56706979   0.68480242   0.51020616   0.77418645   0.50414102   0.81682866   0.73853244   0.71760525   0.83444705   0.44860755   0.64503180   0.59090971   0.89081631   0.68105479   0.70071886   0.61662326   0.67031541   0.70870890   0.73316861   0.48189516   0.67731886   0.70738845
  0.69982531   0.78839532   0.75010825   0.82604602   0.58895396   0.75374314   0.87786137   0.84947443   0.68827524   0.76679607   0.60363514   1.00000000   0.91206303   0.92704961   0.85443626   0.88508630   0.80828880   0.79410715   0.75529625   0.63804479   0.84285646   0.79452270   0.59636127   0.77822997   0.75939584   0.83883190   0.78863649   0.76683099   0.86916712   0.78371965   0.76542307   0.63928799   0.80950208   0.76298498   0.63081483   0.86447482   0.77017358   0.70135670   0.93996303   0.86949058   0.89243938   0.00000000   0.63272464   0.33199046   0.67547504   0.81856102   0.77639869   0.66604954   0.67154726   0.83764182   0.65692679   0.81532685   0.87815069   0.85806367   0.77543008   0.64559100   0.82669143   0.73074610   0.68707024   0.74556936   0.81343981   0.79113038   0.83956810   0.75241833   0.69151407   0.77034427   0.81908450   0.78145897   0.91555659   0.73348685   0.70788761   0.75504717   0.83742965   0.75263970   0.86510648   0.63324944   0.77657192   0.73198197   0.74165350   0.70055138   0.69821471   0.81340987   0.81618318   0.58944223   0.77209946   0.68355956   0.84051197   0.69870870   0.81627926   0.76953865   0.81229452   0.69022798   0.68834048   0.70632247   0.68906782   0.80812946   0.75952188   0.34763846   0.74705367   0.66897087   0.73478216   0.76835291   0.68845476   0.67550752   0.75908954   0.72644485   0.64922293   0.80411459   0.84409707   0.45437660   0.76516155   0.66681580   0.76342402   0.79934583   0.78951215   0.81247767   0.00000000   0.56131770   0.21441672   0.69979373   0.75246743   0.77248184   0.74755221   0.53149862   0.71720201   0.53746961   0.73054281   0.85399342   0.75205631   0.75317286   0.58050780   0.77463354   0.55397532   0.66281435   0.71678824   0.80657683   0.74649178   0.69424813   0.77977538   0.80815745   0.73637631   0.77916626   0.71022484   0.79912778   0.67165849   0.76851696   0.73325102   0.60903338   0.78852995   0.79989807
  0.78687978   0.77799095   0.58135181   0.67095087   0.59809464   0.76966346   0.75486212   0.70822669   0.74942411   0.71709516   0.51237511   0.91206303   1.00000000   0.87611137   0.88057286   0.81497926   0.73622774   0.75884306   0.69134330   0.52764069   0.77927256   0.76682885   0.65852500   0.87627195   0.82123488   0.77318826   0.64640717   0.58247780   0.72849117   0.69989635   0.73349629   0.57587623   0.78310108   0.77051846   0.71310602   0.83655161   0.81396702   0.76327647   0.87879935   0.80587827   0.81235070   0.00000000   0.74393461   0.50992538   0.73094322   0.65849559   0.63853044   0.79954515   0.70985285   0.66895819   0.69917683   0.76963893   0.86014653   0.86835482   0.71447273   0.78541953   0.74951909   0.71986288   0.59643247   0.61575154   0.72968674   0.69353185   0.90923688   0.67675670   0.70920082   0.65661982   0.82683400   0.58486053   0.78591329   0.52582767   0.65705017   0.78857904   0.82789669   0.78748577   0.83343446   0.71624358   0.69579112   0.56169348   0.60364579   0.74863505   0.74491797   0.65857792   0.65966841   0.67588888   0.68108086   0.65218186   0.75008807   0.82144068   0.76549853   0.83279012   0.73838870   0.60371150   0.62159576   0.63901631   0.60698908   0.74003752   0.72526266   0.43619686   0.84889998   0.77381479   0.62105425   0.65272175   0.49037484   0.47680289   0.69716585   0.70520149   0.65766507   0.75361301   0.75638400   0.52983808   0.66602102   0.75696648   0.83741812   0.85192739   0.71056028   0.71849745   0.00000000   0.69961702   0.33664083   0.72914798   0.57317293   0.60737965   0.80310702   0.58443026   0.59303403   0.58360052   0.66254855   0.86505189   0.81295545   0.66655374   0.61430942   0.71589899   0.60093918   0.58029088   0.56424303   0.74520250   0.66971814   0.64523623   0.77128443   0.83583956   0.62951714   0.78602977   0.50434950   0.64287802   0.45582981   0.73895584   0.72759860   0.74524996   0.79392922   0.71586440
  0.65806673   0.68459081   0.66964855   0.68027914   0.60631109   0.72918532   0.74299970   0.73857559   0.72177963   0.70130611   0.46185914   0.92704961   0.87611137   1.00000000   0.80327006   0.88905119   0.67949617   0.65094078   0.62275916   0.51865576   0.75120035   0.68101299   0.54455527   0.76818412   0.74310150   0.70897991   0.66173557   0.66900492   0.77127591   0.68485264   0.74870960   0.55565659   0.66104061   0.71928388   0.57220957   0.77865216   0.71409820   0.69383598   0.86906186   0.87468527   0.76858792   0.00000000   0.55848458   0.36325992   0.55424838   0.70698450   0.67083490   0.57544515   0.56748278   0.65702654   0.61088658   0.68940397   0.81272022   0.78997984   0.70726175   0.68356152   0.69622400   0.58599614   0.53855397   0.64906219   0.73501578   0.69000974   0.81736369   0.70412583   0.68318223   0.65116288   0.76459304   0.66327972   0.80034942   0.60693490   0.72869705   0.75256473   0.76653556   0.80273460   0.75240827   0.53347045   0.70236035   0.66922323   0.60775982   0.60778605   0.65174798   0.65955689   0.70138441   0.62407539   0.69286981   0.55112584   0.67467090   0.69731463   0.79441115   0.64645624   0.79635271   0.50280755   0.48085190   0.58116396   0.54991366   0.70453814   0.63558441   0.21877241   0.68047785   0.61411662   0.53798981   0.64090712   0.60578032   0.60437393   0.64791677   0.68590548   0.58932939   0.64278719   0.75810759   0.33009570   0.60180041   0.62436513   0.76808037   0.70694170   0.74007769   0.64985766   0.00000000   0.50880623   0.12041405   0.57177056   0.65274986   0.65015182   0.60135900   0.38563790   0.49015922   0.45186916   0.62290527   0.76299964   0.61166904   0.66364348   0.41744888   0.62017670   0.47867556   0.51169485   0.64774730   0.71302216   0.61603336   0.53002524   0.66587704   0.71477005   0.62206914   0.71586499   0.60677865   0.65231131   0.56324957   0.70616306   0.66407327   0.55422620   0.76515744   0.68533095
  0.86279306   0.77534241   0.61201554   0.67994009   0.74973665   0.80718152   0.73009453   0.70034636   0.84385848   0.77795167   0.54695479   0.85443626   0.88057286   0.80327006   1.00000000   0.84818325   0.71561978   0.77080528   0.69058502   0.57400023   0.77948812   0.78145881   0.66524025   0.87623146   0.92672658   0.75669283   0.69942589   0.60806387   0.73706876   0.78528032   0.71512564   0.55392696   0.72383985   0.71930314   0.64826648   0.75302079   0.84143468   0.76892419   0.78053871   0.76668478   0.76332418   0.00000000   0.70152366   0.39957567   0.70336959   0.67406322   0.66680788   0.78698836   0.65212843   0.64450768   0.64806745   0.73516340   0.95551164   0.88020113   0.88276894   0.77323367   0.80299690   0.67438320   0.60587364   0.62773659   0.71237552   0.68311839   0.91587179   0.65455085   0.78234947   0.70019317   0.84761622   0.63415738   0.81545469   0.58353130   0.74044772   0.86624131   0.81284612   0.82526796   0.77529328   0.78428630   0.68852185   0.60292594   0.59239585   0.83822184   0.81898482   0.67227286   0.67293485   0.74638667   0.73325790   0.69236908   0.70970108   0.73148679   0.73572835   0.85659657   0.79588326   0.56052923   0.57800949   0.59484796   0.64233835   0.71486676   0.75237441   0.35851778   0.81323006   0.81994858   0.59946828   0.70167517   0.52192455   0.52027530   0.75567365   0.68090558   0.67218082   0.71169749   0.73051399   0.45092240   0.65760866   0.76022386   0.80423847   0.75410630   0.66556757   0.68245771   0.00000000   0.64389566   0.21685917   0.70848341   0.59367144   0.64034691   0.73277210   0.53034772   0.54819054   0.55745851   0.69276669   0.85409266   0.83052513   0.78307074   0.55978488   0.72507701   0.48331183   0.56252353   0.59748153   0.71729712   0.66322242   0.59431918   0.73482655   0.85191826   0.66256932   0.82684070   0.54452187   0.65322962   0.50597386   0.72291817   0.79022208   0.69976844   0.77982194   0.71121293
  0.70693269   0.75697580   0.83751198   0.80134744   0.70423147   0.80191340   0.86014708   0.86948662   0.81001622   0.83970680   0.60119098   0.88508630   0.81497926   0.88905119   0.84818325   1.00000000   0.76427869   0.72075622   0.73529666   0.66895975   0.85895954   0.80984020   0.62202436   0.75142522   0.78306216   0.68535066   0.78497856   0.80601122   0.88100125   0.84712562   0.83950118   0.61037867   0.77870635   0.75968926   0.57554265   0.79285085   0.74103268   0.66671861   0.82935224   0.84814933   0.85218497   0.00000000   0.59494257   0.25895181   0.63844812   0.84180602   0.82065994   0.58325958   0.65059038   0.72167340   0.60559571   0.80367962   0.79403632   0.79538326   0.87981522   0.63284469   0.76629680   0.69076170   0.66318507   0.79919371   0.79910135   0.80956276   0.75173078   0.81734259   0.69356262   0.80461370   0.86416605   0.78080078   0.80419997   0.75116558   0.84972246   0.84929083   0.79354124   0.85538441   0.84467806   0.62281239   0.83439512   0.83532011   0.73432496   0.73382663   0.79036850   0.80600705   0.84645316   0.72740754   0.85352130   0.69380001   0.71943342   0.64148793   0.74514018   0.72812176   0.93899521   0.63800817   0.59569558   0.67901358   0.70131092   0.82396240   0.78589868   0.31497822   0.73163728   0.68721000   0.60856277   0.76095566   0.75269207   0.74201451   0.80306294   0.81381474   0.61874391   0.76215523   0.89332304   0.43096182   0.70143057   0.71141575   0.81727110   0.68065532   0.71937450   0.76150693   0.00000000   0.54604423   0.16582520   0.68674282   0.80082663   0.80510797   0.69189119   0.50902411   0.59081025   0.56900647   0.78189751   0.79365228   0.71564538   0.85831019   0.45411798   0.72836977   0.50140938   0.61742395   0.79221184   0.81813324   0.76323531   0.53787288   0.77764417   0.78786807   0.78306494   0.83911079   0.73343763   0.73373657   0.71084665   0.84363960   0.79155307   0.60625669   0.85167901   0.83601734
  0.63716481   0.87472893   0.79333537   0.86779981   0.43655910   0.72325156   0.87798361   0.88040244   0.62549631   0.81542532   0.73772771   0.80828880   0.73622774   0.67949617   0.71561978   0.76427869   1.00000000   0.90119834   0.85317651   0.76915623   0.90525029   0.89571659   0.75010017   0.72654063   0.64051606   0.84507028   0.83758558   0.81031266   0.82420827   0.84829232   0.82185975   0.63075583   0.90774305   0.79911118   0.75961777   0.84055107   0.80620802   0.72196395   0.75712598   0.58926327   0.90899725   0.00000000   0.71183600   0.35434568   0.82237216   0.83285375   0.87685918   0.57696533   0.85019120   0.86447722   0.69269282   0.86720540   0.73211157   0.73255650   0.72755352   0.53703805   0.83693240   0.83469191   0.82726500   0.80210111   0.85237663   0.86490787   0.71556719   0.71343189   0.70019523   0.83414213   0.86467344   0.78843994   0.78964695   0.72063824   0.64329953   0.69949862   0.85873304   0.70286482   0.90108400   0.62468905   0.84556704   0.79194839   0.75723155   0.72446927   0.70273289   0.80984280   0.86655230   0.56889973   0.80369981   0.83102272   0.84736142   0.61190373   0.73726294   0.78600573   0.78345869   0.89557098   0.83641169   0.78449935   0.78936124   0.87511796   0.87371580   0.56427306   0.76819495   0.63462591   0.85326658   0.85559259   0.73064738   0.66096121   0.87331838   0.83880729   0.64355551   0.90256368   0.85185816   0.69672646   0.89324213   0.72810318   0.77586454   0.73837031   0.72535447   0.92737005   0.00000000   0.67725112   0.41394877   0.84673618   0.76376958   0.84664527   0.76350023   0.78937544   0.79856430   0.62164536   0.82317956   0.79063914   0.77213568   0.75365174   0.69714506   0.83568749   0.64869281   0.76374608   0.75817312   0.86000221   0.86323966   0.72946741   0.87385391   0.80574436   0.86273915   0.84365957   0.73668372   0.73318189   0.68424371   0.81995614   0.80617193   0.69418894   0.80116857   0.84596330
  0.71545838   0.87481999   0.67675223   0.81241714   0.48041239   0.76932719   0.82489365   0.78341977   0.65283717   0.78098631   0.65635915   0.79410715   0.75884306   0.65094078   0.77080528   0.72075622   0.90119834   1.00000000   0.83358661   0.67010440   0.85284443   0.83222749   0.72505866   0.78155778   0.69461146   0.82614202   0.78192308   0.70322272   0.75662029   0.79724470   0.75900293   0.62520484   0.84701070   0.79161599   0.72924882   0.82327775   0.78895000   0.77328681   0.75664044   0.61604110   0.85607668   0.00000000   0.68248913   0.36030871   0.76797921   0.74891038   0.77810914   0.72928099   0.78161115   0.85784362   0.69689196   0.82222165   0.77202245   0.80290201   0.77353312   0.57637709   0.79972912   0.81398686   0.77430437   0.73624680   0.78500782   0.79735684   0.75306398   0.65859447   0.75177844   0.78233539   0.82323667   0.71044405   0.78337075   0.67747800   0.65097450   0.69870815   0.84559170   0.70378603   0.84607791   0.67167499   0.76982620   0.68714494   0.68835021   0.73679403   0.74696477   0.77083352   0.78866002   0.59099826   0.73812593   0.76899825   0.86448969   0.65392244   0.78609703   0.80648549   0.75153571   0.80664468   0.81548477   0.73744160   0.72205928   0.81081191   0.81468644   0.49612379   0.77475484   0.68028504   0.82004152   0.78674374   0.63590413   0.56200947   0.80734418   0.73671658   0.70268110   0.84921437   0.79342048   0.65194475   0.87985698   0.71718166   0.74855533   0.77869091   0.75318569   0.84077382   0.00000000   0.67064255   0.35939621   0.79455660   0.67632684   0.76184924   0.79176790   0.73150531   0.78199223   0.59164342   0.77174856   0.79868449   0.78837337   0.73812496   0.68074058   0.79593408   0.61316505   0.73340008   0.70320650   0.79712560   0.80643210   0.71445556   0.83253833   0.83348048   0.77726682   0.81133770   0.65657223   0.75000245   0.61953931   0.72412970   0.77933494   0.69423871   0.78889932   0.79849179
  0.64514406   0.92269126   0.82804116   0.83111006   0.51571976   0.69026045   0.83600899   0.84009406   0.59094947   0.87042726   0.80516966   0.75529625   0.69134330   0.62275916   0.69058502   0.73529666   0.85317651   0.83358661   1.00000000   0.85072938   0.94245654   0.92114964   0.66148387   0.66033586   0.64725260   0.74919647   0.91659098   0.80520696   0.81894442   0.89920773   0.80166064   0.63379757   0.84392603   0.78724939   0.63330335   0.76425897   0.75759356   0.69804424   0.72390618   0.55267416   0.84907479   0.00000000   0.65286575   0.23268783   0.80324305   0.82829652   0.86614073   0.57306376   0.69280803   0.79587948   0.64034111   0.94759343   0.69546761   0.66022824   0.74501885   0.44228422   0.87961364   0.96833599   0.95493743   0.93366268   0.88858724   0.91670304   0.65957926   0.70984908   0.64002025   0.92186641   0.79058913   0.80905216   0.76284865   0.77240692   0.69472462   0.69571927   0.87176186   0.71291170   0.83442643   0.60221698   0.93541348   0.82829251   0.73804576   0.70147868   0.65186445   0.81130612   0.85370300   0.55993956   0.86435468   0.88414779   0.82214438   0.56500558   0.68964275   0.74507683   0.77677271   0.83380581   0.80579024   0.92810336   0.91029049   0.94974193   0.92111907   0.46069901   0.71747935   0.59559625   0.81529133   0.90737722   0.76020260   0.68812023   0.89908695   0.81333244   0.60870775   0.84067676   0.82769257   0.59378728   0.84933092   0.67736727   0.72201363   0.74487211   0.71065259   0.85060889   0.00000000   0.66208721   0.31951043   0.87062579   0.78567038   0.86486128   0.77540715   0.66893476   0.77020131   0.58936212   0.94254359   0.79551601   0.72440009   0.80310531   0.60522170   0.90379312   0.74180615   0.94996995   0.88525390   0.90230309   0.93143031   0.65387982   0.80353873   0.76580164   0.91605032   0.79719953   0.78390336   0.79925715   0.75055757   0.81992654   0.81102787   0.64867349   0.83622684   0.84404882
  0.45426108   0.74588775   0.82435516   0.76879138   0.38030067   0.54666931   0.77374822   0.79181065   0.49008888   0.82656023   0.95685266   0.63804479   0.52764069   0.51865576   0.57400023   0.66895975   0.76915623   0.67010440   0.85072938   1.00000000   0.84518644   0.88023449   0.56789173   0.43302994   0.56455770   0.63052262   0.85976819   0.79066820   0.76429838   0.88029296   0.75224598   0.51400561   0.74100217   0.58536832   0.53981889   0.57978696   0.59603781   0.44450532   0.61556343   0.49183994   0.74417265   0.00000000   0.59356875   0.15045288   0.78499640   0.79419733   0.85093468   0.37785876   0.54586409   0.70964272   0.43847845   0.83292179   0.56637692   0.51196728   0.65343167   0.36999548   0.81525125   0.82369397   0.91371174   0.86301109   0.77846560   0.84522207   0.50154607   0.63969919   0.43197397   0.89537133   0.71564912   0.76645030   0.61356693   0.70949333   0.57498459   0.62161882   0.66788430   0.61041760   0.73489681   0.40092798   0.84407849   0.80066575   0.73028027   0.55827683   0.50045371   0.76917826   0.82155603   0.45915644   0.83745973   0.92835207   0.64661037   0.31566869   0.46076960   0.60706843   0.68640517   0.79443506   0.71275057   0.83903058   0.95307220   0.84021064   0.89770321   0.48911701   0.54957447   0.52649258   0.72049618   0.86185057   0.76666295   0.72232289   0.87376844   0.78850150   0.41332954   0.74120913   0.74101673   0.52762020   0.69160836   0.54008036   0.58861024   0.51780926   0.50265058   0.79487704   0.00000000   0.49364594   0.36172386   0.82629660   0.77117350   0.84015917   0.64734761   0.53018880   0.68400649   0.50180327   0.84918100   0.63875808   0.57818107   0.73538369   0.50940761   0.81554243   0.58174709   0.84138339   0.82747410   0.79032197   0.85671224   0.49317859   0.69381360   0.62045004   0.91123461   0.71638933   0.75724212   0.66156566   0.72221383   0.78682789   0.76765765   0.50258995   0.71938276   0.73421354
