  1.00000000   0.23998524   0.46036264   0.41176543   0.82277889   0.65524839   0.49188115   0.40966273   0.68223743   0.59958662   0.12300501   0.40006456   0.51463751   0.45790517   0.89649417   0.74840120   0.38276287   0.45373647   0.28413443   0.14906828   0.31025682   0.21030847   0.49618537   0.77172449   0.77582637   0.31597776   0.51119582   0.46629614   0.44366496   0.69663614   0.37889994   0.51113286   0.53275622   0.45513986   0.41811630   0.42483092   0.53633624   0.72042708   0.35748731   0.62500065   0.47774513   0.00000000   0.22602391   0.51432475   0.20394104   0.46004337   0.57099669   0.58031151   0.39404463   0.40786042   0.50614894   0.12461557   0.59905806   0.68980573   0.83744383   0.40155845   0.64536846   0.13250671   0.21397988   0.33343813   0.38111427   0.32150380   0.35091223   0.54359532   0.65241336   0.33434467   0.53785154   0.47974685   0.54242667   0.52598734   0.75777806   0.76174225   0.56202968   0.67972041   0.48102696   0.27626518   0.32195850   0.43523031   0.38470218   0.61847665   0.59644295   0.43912734   0.36934834   0.49757645   0.39832053   0.15540891   0.25742085   0.36438083   0.23253470   0.39223602   0.61320529   0.38802804   0.34050251   0.31323531   0.27690356   0.27077460   0.16362333   0.38802433   0.43920800   0.42408083   0.10198582   0.34888938   0.40919391   0.37978259   0.53299792   0.21513908   0.62177810   0.50880553   0.43681620   0.45068532   0.32452351   0.34039630   0.37027504   0.25483068   0.38027592   0.45954974   0.00000000   0.11162859   0.36113284   0.19810198   0.43421766   0.31007614   0.58259714   0.41527406   0.27703597   0.35746497   0.16064599   0.39272241   0.47773396   0.61233545  -0.10560547   0.31845442   0.07875699   0.22584283   0.41970514   0.24981268   0.27145431   0.06061586   0.38284665   0.60050803   0.26621314   0.45099402   0.40808909   0.32663861   0.36222259   0.61494760   0.42085277   0.37860347   0.46866262   0.47343684
  0.23998524   1.00000000   0.80732199   0.69392715   0.38712383   0.36083050   0.54672444   0.67135631   0.35601215   0.58214004   0.67529294   0.67669181   0.53416663   0.61678197   0.30564373   0.62385336   0.70649183   0.55651878   0.90304740   0.73079813   0.92196242   0.74141486   0.64957959   0.46171614   0.29650100   0.40805883   0.77225885   0.70587950   0.75817490   0.57791551   0.31856134   0.59455494   0.58171054   0.75711146   0.53112294   0.67448767   0.70213626   0.58655324   0.68399285   0.46136583   0.71298063   0.00000000   0.77622308   0.61091582   0.71920605   0.68189450   0.68122780   0.36859221   0.58298597   0.67983682   0.64373507   0.90684219   0.49178346   0.26787834   0.38391016  -0.05176009   0.54097373   0.92627083   0.87348879   0.81530542   0.87191175   0.86423441   0.28007518   0.46669044   0.49837363   0.76557663   0.64996887   0.62456887   0.61872043   0.66721973   0.42750546   0.36396551   0.57718196   0.55190572   0.62750971   0.12121244   0.88586834   0.74454242   0.72073608   0.23775297   0.40843470   0.55984874   0.68962265   0.34247763   0.71595654   0.70390322   0.50844141   0.49435608   0.44500633   0.28794290   0.58790425   0.66623719   0.52931771   0.73091356   0.75709376   0.91308359   0.74916973   0.70683647   0.41227831   0.35432225   0.55206598   0.72443416   0.70448815   0.69349194   0.60028393   0.47086973   0.45494434   0.68164167   0.67741046   0.61506680   0.72416781   0.76638556   0.59312543   0.37003699   0.29206710   0.68836952   0.00000000   0.79409227   0.63891639   0.72812207   0.66253685   0.66145019   0.43012212   0.64882740   0.51910464   0.77775451   0.89396195   0.45932624   0.21461491   0.43644783   0.17415107   0.71071480   0.87661068   0.83169738   0.74895721   0.77138612   0.87520780   0.17367338   0.51948161   0.55346979   0.76061818   0.58294421   0.64567205   0.52202933   0.69176210   0.53620647   0.33852214   0.68987554   0.64059580   0.69847738
  0.46036264   0.80732199   1.00000000   0.90648223   0.64418313   0.61944823   0.74074438   0.90226635   0.45791515   0.71303935   0.40735276   0.79052841   0.63674261   0.65901246   0.50919325   0.84048360   0.86707654   0.77287312   0.87397711   0.55224951   0.84895412   0.51067170   0.76726019   0.63809081   0.40299796   0.52131268   0.89665216   0.95454519   0.93721851   0.68611680   0.24968926   0.65507659   0.80752480   0.91792421   0.69108480   0.84204409   0.80422375   0.67254774   0.69257225   0.60224277   0.89349805   0.00000000   0.50537821   0.74373805   0.49928075   0.92583692   0.87530097   0.60332248   0.71906577   0.86426076   0.65904580   0.62957249   0.65227256   0.49931171   0.66506889  -0.08876890   0.60820986   0.80741419   0.78120612   0.88412717   0.90382861   0.81323111   0.33210008   0.67168830   0.76727639   0.69127001   0.71192078   0.89536584   0.73332552   0.90931042   0.63489173   0.53401595   0.67147090   0.68570487   0.84054415   0.01022805   0.92077796   0.97221787   0.92963618   0.40296290   0.68219518   0.76099226   0.90123676   0.39519423   0.70485412   0.50413122   0.66565883   0.64065072   0.56827962   0.34349945   0.81063330   0.83993130   0.72994579   0.85636828   0.73095842   0.87618876   0.53332751   0.77880601   0.45620944   0.35065401   0.66684338   0.86154099   0.95878978   0.92464405   0.72794967   0.34224313   0.66776991   0.85290311   0.92744168   0.83138601   0.88518813   0.85437558   0.72857383   0.51385340   0.39633819   0.88927799   0.00000000   0.51388233   0.73957873   0.53696374   0.92552311   0.82410521   0.57060995   0.84449236   0.69257097   0.75135012   0.73181369   0.54607955   0.38933731   0.65384419   0.08203493   0.72113351   0.69217623   0.80005754   0.93578909   0.86650433   0.81653428   0.18190664   0.60327115   0.73867012   0.67890180   0.64172304   0.92014003   0.69086605   0.90980020   0.72480474   0.36842513   0.80144164   0.82626721   0.87579000
  0.41176543   0.69392715   0.90648223   1.00000000   0.57180897   0.60971406   0.76268377   0.91432624   0.39947284   0.60765297   0.36652916   0.87056717   0.65940782   0.66282440   0.49370245   0.77007923   0.88173555   0.84366565   0.78839596   0.51683323   0.78151809   0.44216969   0.69653702   0.61813543   0.33972143   0.64558334   0.81432686   0.91318155   0.90742893   0.57863848   0.14947635   0.59481129   0.81915632   0.89464258   0.70634565   0.86605641   0.75324744   0.59938803   0.71521214   0.63362500   0.91083993   0.00000000   0.40933699   0.68531394   0.43826208   0.92163846   0.84420711   0.67052895   0.77019946   0.91464677   0.60698079   0.53948248   0.64093539   0.52279545   0.57659790  -0.05703567   0.54790522   0.73536494   0.71363480   0.83930916   0.84880140   0.73659374   0.41487582   0.60716048   0.71704759   0.61274378   0.63398786   0.88018264   0.73600979   0.85220410   0.54604038   0.43877971   0.62128548   0.62516082   0.83977025  -0.03623466   0.84295046   0.87245852   0.95569962   0.37856686   0.63895839   0.78968670   0.90439070   0.34321784   0.62428495   0.46136642   0.75143102   0.63852004   0.60543965   0.32963077   0.74409272   0.86236069   0.76286139   0.80483883   0.69750748   0.80080695   0.47885772   0.69258867   0.41959037   0.29646258   0.70995681   0.80192904   0.90365472   0.89325823   0.63840597   0.21117627   0.58113433   0.79491767   0.87817897   0.79014497   0.83791378   0.77411190   0.70995666   0.60560733   0.50569303   0.87908184   0.00000000   0.41629269   0.68667651   0.48885853   0.90228492   0.81201998   0.57312902   0.82899119   0.78127533   0.61950104   0.67165212   0.56915565   0.41033413   0.56394064   0.13319568   0.65929078   0.64792161   0.75176837   0.88454520   0.82681982   0.75185849   0.27115245   0.54600608   0.65762255   0.62468877   0.59285849   0.89806004   0.73788969   0.86375714   0.61085935   0.32759918   0.74303064   0.79852814   0.80260499
  0.82277889   0.38712383   0.64418313   0.57180897   1.00000000   0.79409248   0.62947066   0.60300225   0.76600963   0.80877400   0.22611765   0.49098043   0.50314622   0.48474394   0.77379458   0.85050178   0.56286601   0.60027759   0.46609123   0.29777532   0.46948050   0.34481582   0.69469580   0.71621423   0.67694025   0.24905609   0.60960378   0.63809388   0.60714966   0.79183172   0.38112679   0.66717330   0.64908903   0.59552421   0.56891709   0.52986359   0.58699688   0.69047949   0.44559754   0.58599614   0.65069073   0.00000000   0.34709324   0.64256815   0.33704068   0.60963442   0.72182985   0.65286292   0.50740947   0.59053691   0.59471037   0.26001458   0.60111209   0.70708097   0.87194349   0.08431085   0.58952519   0.30773957   0.36354911   0.46514459   0.53260335   0.47560874   0.21082776   0.67485174   0.74003609   0.49779219   0.72143170   0.59622536   0.61744652   0.65748372   0.91504952   0.79680149   0.58132522   0.70795011   0.61286395   0.06012587   0.52174965   0.61147685   0.54783333   0.63650829   0.73323883   0.54146215   0.54482343   0.61116788   0.61387166   0.25088146   0.33219365   0.43151606   0.25649771   0.29263694   0.72270779   0.56946279   0.50846547   0.49131202   0.41958299   0.43884468   0.27830599   0.57017952   0.34665396   0.40150377   0.19473302   0.47900514   0.58802170   0.55199650   0.65595087   0.29402362   0.76636122   0.63255043   0.61404627   0.62960442   0.47585624   0.48853349   0.47382740   0.27297083   0.29197627   0.61695940   0.00000000   0.27035370   0.53518678   0.31992504   0.59377801   0.47286838   0.59265345   0.56286206   0.39079987   0.47239848   0.30834738   0.37443874   0.40147390   0.64965146  -0.19575371   0.36602704   0.21063476   0.37228132   0.58747757   0.40556210   0.41395496  -0.00046077   0.48994668   0.68705887   0.39645672   0.62784420   0.55089787   0.40644124   0.52036694   0.82104874   0.50916144   0.49199283   0.59126071   0.61537400
  0.65524839   0.36083050   0.61944823   0.60971406   0.79409248   1.00000000   0.84508996   0.61563640   0.71801455   0.80599113   0.28852632   0.62607786   0.54801365   0.35562280   0.69107488   0.77368039   0.69222277   0.74194767   0.39793542   0.30171302   0.54270158   0.41544785   0.79522109   0.63502138   0.42499374   0.33267812   0.58336169   0.60678543   0.58230110   0.75665219   0.08371523   0.74783719   0.83181693   0.67117776   0.74604376   0.62903825   0.54073405   0.51544064   0.46995713   0.52543265   0.70992496   0.00000000   0.37879083   0.76575872   0.41776138   0.52863293   0.76644979   0.85722172   0.77317747   0.70457572   0.61296456   0.24544926   0.46784744   0.83420971   0.71700990  -0.04748389   0.44875876   0.28048334   0.36967267   0.41150103   0.53293430   0.49342549   0.20666403   0.76870376   0.76179919   0.56414923   0.79586815   0.53255682   0.53203784   0.61739384   0.87840292   0.59494447   0.37550251   0.49871164   0.80733080   0.11420601   0.54407578   0.55453338   0.61598308   0.80208518   0.92656768   0.73076295   0.66354489   0.70653167   0.70965525   0.34293098   0.65237541   0.65326128   0.58578331   0.55001957   0.83752663   0.78378626   0.77279616   0.44774163   0.43946738   0.51466566   0.37384448   0.75260642   0.53848474   0.47419028   0.44174727   0.58827965   0.61702334   0.55580731   0.73204121   0.10593895   0.83092497   0.75403186   0.67544868   0.80925129   0.61146209   0.62856615   0.61442985   0.63417739   0.56646325   0.77006886   0.00000000   0.35021556   0.78017621   0.42667077   0.52500165   0.60186481   0.80690132   0.77043396   0.70488592   0.60584551   0.32927437   0.57670204   0.68168315   0.73687837   0.11777622   0.48120415   0.22347133   0.38257376   0.57514155   0.42663614   0.48682302   0.42707017   0.69308080   0.77544431   0.51999326   0.78535094   0.55683565   0.62012956   0.56099921   0.85072013   0.63468697   0.55793331   0.72699768   0.73181031
  0.49188115   0.54672444   0.74074438   0.76268377   0.62947066   0.84508996   1.00000000   0.77000023   0.58288634   0.74636828   0.51604974   0.82166217   0.60506593   0.43315263   0.60731588   0.74685701   0.80715648   0.85060543   0.58885100   0.51058823   0.73972081   0.61132369   0.77119299   0.59174584   0.28627098   0.50657350   0.74905612   0.68877988   0.70359284   0.74732604   0.11265016   0.68090679   0.87164366   0.75941287   0.74504243   0.74375054   0.60927559   0.48127767   0.59353322   0.58176926   0.82605636   0.00000000   0.51537430   0.77744627   0.61622109   0.64886331   0.87424614   0.85393506   0.86357507   0.87517637   0.58854788   0.46529417   0.53146319   0.80411772   0.63286317  -0.08595896   0.52016684   0.51472701   0.60891591   0.60592634   0.67835108   0.68300499   0.24191035   0.74525760   0.75384375   0.75738952   0.82536409   0.65065146   0.63203408   0.73470886   0.68142158   0.44817210   0.43395933   0.45484471   0.86448743   0.18025671   0.69468866   0.66689825   0.74445756   0.70145970   0.84019053   0.90367921   0.84278377   0.62486966   0.78352168   0.58924234   0.83222133   0.73653203   0.68112434   0.57574586   0.83976363   0.87297469   0.85204322   0.58737117   0.64428738   0.72027946   0.61183133   0.79358657   0.56147159   0.41817018   0.65213252   0.76769194   0.71803062   0.67577628   0.78641400   0.18696861   0.71028904   0.83155135   0.72722731   0.80588328   0.75222191   0.74962437   0.68559027   0.73362476   0.57789790   0.85703871   0.00000000   0.52188170   0.79364987   0.64822118   0.63348497   0.81161258   0.77596144   0.84788488   0.86633807   0.67321775   0.56421695   0.67202242   0.71842337   0.72015585   0.28666675   0.65489490   0.45359660   0.61753793   0.67023036   0.59775663   0.69768449   0.50472701   0.74114010   0.68940709   0.74960403   0.83553677   0.69231537   0.75644486   0.72852490   0.72583845   0.58532277   0.64945216   0.77917593   0.82143396
  0.40966273   0.67135631   0.90226635   0.91432624   0.60300225   0.61563640   0.77000023   1.00000000   0.44781704   0.62823442   0.40646003   0.81273311   0.59054322   0.61967558   0.49127958   0.79052286   0.83870814   0.80355859   0.78963590   0.55248808   0.76343355   0.44708377   0.68013392   0.58308860   0.36302504   0.59295462   0.84641028   0.92417531   0.91488618   0.63367119   0.18917721   0.56976602   0.77757342   0.83982862   0.65606437   0.82114464   0.72321858   0.59389217   0.66087835   0.62456288   0.85816853   0.00000000   0.37766815   0.66090852   0.45936827   0.93614751   0.91112922   0.65049414   0.69275464   0.89011965   0.57567540   0.54715087   0.60206398   0.51596610   0.61502103  -0.02943926   0.54993192   0.73612787   0.74910398   0.85162292   0.82158818   0.76201132   0.31005523   0.64276096   0.70250162   0.68146239   0.66488955   0.88628671   0.71518482   0.87740003   0.56636950   0.48181931   0.60344263   0.62080886   0.80051811  -0.00662060   0.84382580   0.90548348   0.91184478   0.41203971   0.67466461   0.80498736   0.94116340   0.40140833   0.64654696   0.53081287   0.72107191   0.61263147   0.57818873   0.34715851   0.79917457   0.81202656   0.73538004   0.81917922   0.75244654   0.79167134   0.50399009   0.67182438   0.39762521   0.33955845   0.66964307   0.82636086   0.89824942   0.91486388   0.70220516   0.25953838   0.62108609   0.74541034   0.87875656   0.76637196   0.79946485   0.73548137   0.73335974   0.57800613   0.48512687   0.84338388   0.00000000   0.39627461   0.64737121   0.53568831   0.92124930   0.87169188   0.54409027   0.80108567   0.74854654   0.58755717   0.69600434   0.57474702   0.42823536   0.61920828   0.13456311   0.67484503   0.66515051   0.79042426   0.89799161   0.83416165   0.76833742   0.22931854   0.53936556   0.64084145   0.69810024   0.63840189   0.90509487   0.75242198   0.88465045   0.66324877   0.39054263   0.73535693   0.82762253   0.77020835
  0.68223743   0.35601215   0.45791515   0.39947284   0.76600963   0.71801455   0.58288634   0.44781704   1.00000000   0.83633367   0.33207856   0.36827482   0.38864893   0.33626656   0.68422300   0.69214445   0.39645779   0.42918353   0.29121404   0.28969081   0.41749450   0.46762558   0.58048262   0.57021409   0.70761476   0.13944407   0.53460688   0.44131565   0.43399451   0.89180797   0.41591427   0.60597277   0.51966972   0.43242316   0.42233951   0.38231976   0.45717608   0.66256940   0.37219347   0.51026376   0.48370470   0.00000000   0.47583623   0.50361407   0.45294481   0.40068143   0.63659095   0.56340226   0.41829383   0.40893285   0.54160367   0.28584607   0.40189102   0.55487257   0.68971186   0.22871601   0.68965578   0.19778361   0.27039680   0.26085178   0.41125147   0.40480429   0.12020620   0.55473169   0.50909182   0.55225446   0.83768136   0.39302986   0.42059772   0.40718332   0.79623852   0.85886956   0.37847626   0.60581080   0.49404856   0.35133703   0.40120957   0.40755859   0.41489680   0.70510493   0.65405487   0.46356951   0.40982485   0.91250384   0.71289060   0.33307460   0.30322152   0.40014836   0.26657302   0.52349310   0.68892445   0.47747163   0.43883266   0.27112263   0.38077229   0.36789189   0.37851795   0.51074123   0.46973996   0.75399987   0.19301800   0.47819303   0.41973265   0.38234774   0.75594341   0.36764267   0.63268366   0.54361969   0.43953160   0.48695141   0.34773623   0.45820619   0.57371381   0.29595994   0.43702274   0.50949647   0.00000000   0.38116781   0.46948927   0.43550036   0.41321430   0.40363070   0.57090214   0.46383945   0.33753453   0.43958686   0.28053402   0.46866088   0.51698150   0.68042537   0.09201970   0.51113792   0.17591256   0.26092223   0.40112335   0.24236069   0.36741696   0.12705444   0.43976856   0.59036333   0.47116799   0.79085497   0.39422729   0.36417753   0.32422387   0.75237846   0.86015215   0.52747738   0.61053157   0.52467178
  0.59958662   0.58214004   0.71303935   0.60765297   0.80877400   0.80599113   0.74636828   0.62823442   0.83633367   1.00000000   0.39386220   0.54686951   0.44729041   0.43101336   0.64104571   0.79485335   0.68123102   0.64809148   0.57175245   0.38698631   0.67550226   0.57599720   0.81733198   0.58065542   0.58626304   0.21302062   0.72381689   0.64975965   0.64452484   0.92238683   0.30181361   0.75555859   0.72251181   0.68418795   0.63731107   0.56755278   0.62605747   0.65932223   0.55660771   0.52136261   0.71055724   0.00000000   0.56173476   0.67455791   0.56917453   0.59310814   0.80199964   0.66306968   0.64945623   0.67202973   0.62004759   0.46354501   0.55519351   0.60482951   0.79112862  -0.07940208   0.67919424   0.46558890   0.51405101   0.51365422   0.66872725   0.64432731   0.05047077   0.68519436   0.71333479   0.70701124   0.90365123   0.59856972   0.62439523   0.66894160   0.86170677   0.78095082   0.50923936   0.64414701   0.71578346   0.13779700   0.67350254   0.64840793   0.64530104   0.65509859   0.78550287   0.64848203   0.63954838   0.78039446   0.88676157   0.42180074   0.47935103   0.52599955   0.38385376   0.47464795   0.77153910   0.72904465   0.65732754   0.55557902   0.51023806   0.63708678   0.48916326   0.77921665   0.45234463   0.57582508   0.39372135   0.67022620   0.66547818   0.59704134   0.84915292   0.34828328   0.76608713   0.78936879   0.69815657   0.74232112   0.63734567   0.71708560   0.66630938   0.42330612   0.37513348   0.73868786   0.00000000   0.51072236   0.70402504   0.54044879   0.60774054   0.61266054   0.69093408   0.71056545   0.54988991   0.67479357   0.48661683   0.55373670   0.49352692   0.75759853   0.02714052   0.64237702   0.37343923   0.50872358   0.63519912   0.53485851   0.60577928   0.11607321   0.63265183   0.75863747   0.62686251   0.84575736   0.61919385   0.51996209   0.60631214   0.86229154   0.71495887   0.68484575   0.73768702   0.77983714
  0.12300501   0.67529294   0.40735276   0.36652916   0.22611765   0.28852632   0.51604974   0.40646003   0.33207856   0.39386220   1.00000000   0.50544026   0.29613186   0.30792063   0.26446795   0.34080432   0.41982866   0.36313486   0.56557259   0.92255496   0.71530072   0.94105913   0.37764039   0.29387274   0.07721222   0.29836528   0.50782638   0.29645558   0.37772326   0.47510478   0.28458722   0.37462951   0.42208957   0.39015208   0.38449508   0.37951811   0.26312200   0.25628975   0.37215034   0.29079091   0.47281680   0.00000000   0.85611208   0.38011476   0.94374667   0.29104300   0.50131797   0.32112422   0.46589623   0.47128191   0.34138349   0.84830274   0.23943625   0.35756066   0.15034242   0.01155636   0.35073459   0.62004740   0.76845898   0.49332312   0.42766281   0.73618370   0.08414930   0.33698439   0.25540674   0.86163400   0.58657039   0.23250381   0.33910166   0.31473179   0.26181972   0.13562317   0.22875750   0.18088459   0.40152753   0.35492824   0.51854333   0.33899695   0.35531988   0.32792191   0.28816219   0.48121465   0.44139534   0.41373800   0.66343279   0.96362264   0.50426917   0.41735507   0.39321273   0.38340260   0.41193403   0.46039565   0.41661596   0.34400413   0.79183104   0.65675329   0.96200564   0.47264158   0.40378106   0.30270102   0.38833090   0.48572289   0.30345563   0.35254827   0.47843944   0.43111861   0.29621838   0.45071671   0.27521146   0.34250903   0.41824488   0.43598516   0.37904345   0.36600365   0.30677784   0.42874473   0.00000000   0.87714438   0.42450533   0.94212381   0.27158920   0.52847528   0.36109085   0.40557855   0.44629807   0.46686642   0.77616743   0.44831271   0.34401566   0.27405128   0.37742475   0.51124572   0.69602418   0.68915738   0.34720931   0.34451010   0.73124538   0.35506334   0.46863491   0.28572301   0.85054831   0.60136976   0.26007405   0.44823029   0.35621850   0.33865091   0.40156362   0.36640864   0.39864006   0.42776674
  0.40006456   0.67669181   0.79052841   0.87056717   0.49098043   0.62607786   0.82166217   0.81273311   0.36827482   0.54686951   0.50544026   1.00000000   0.79412211   0.75703899   0.54118651   0.76313091   0.79808592   0.79102185   0.71771008   0.59111415   0.78345051   0.55294357   0.63908062   0.64098747   0.28306360   0.71195149   0.73999950   0.76116323   0.83457071   0.53935628   0.09216662   0.58654111   0.76805093   0.83919296   0.68365385   0.87042480   0.67646868   0.53720832   0.82214693   0.70631788   0.84815905   0.00000000   0.50130331   0.73704680   0.56203481   0.76890858   0.79033028   0.74014029   0.78121093   0.88222006   0.57704159   0.56818647   0.63216120   0.65658375   0.49367380   0.06748967   0.48183405   0.69646442   0.70735778   0.73740455   0.76043410   0.71371121   0.58648757   0.57319726   0.68325298   0.66429149   0.63397890   0.72180824   0.75833075   0.75681319   0.49725406   0.32584955   0.53320403   0.55624582   0.79425898   0.00388181   0.78295414   0.73067627   0.82653847   0.43204286   0.61440825   0.77592532   0.83111227   0.33390138   0.61916007   0.58061055   0.80393599   0.72023143   0.70871116   0.37766312   0.71328890   0.82076609   0.72135776   0.69619059   0.72655032   0.77346758   0.58998647   0.65899188   0.46654780   0.26816536   0.67698655   0.73371370   0.75795588   0.76520689   0.58499768   0.13557329   0.54140838   0.74503313   0.76464457   0.74555134   0.76023107   0.71017024   0.62107461   0.68395760   0.58884578   0.82039587   0.00000000   0.53242262   0.70185182   0.59540165   0.73073415   0.75592618   0.63451274   0.80430110   0.79030418   0.61620796   0.68948705   0.58435404   0.47788292   0.50890561   0.23411957   0.59575275   0.66053584   0.72341511   0.74738044   0.71954666   0.74307961   0.43106427   0.55083961   0.61914853   0.67938475   0.60507938   0.74748078   0.70376215   0.76249059   0.54689007   0.29763924   0.61679197   0.73448685   0.74126385
  0.51463751   0.53416663   0.63674261   0.65940782   0.50314622   0.54801365   0.60506593   0.59054322   0.38864893   0.44729041   0.29613186   0.79412211   1.00000000   0.82311191   0.55906844   0.77811133   0.59022926   0.56235106   0.53975082   0.35454639   0.56916206   0.35065918   0.48316982   0.76946463   0.45992248   0.56532699   0.56538602   0.62505233   0.69602522   0.46928989   0.27083727   0.49880720   0.55960249   0.71656585   0.53741472   0.73868662   0.65333374   0.67472663   0.78740243   0.73157422   0.65866242   0.00000000   0.34703327   0.68787074   0.33880279   0.62664622   0.57555769   0.66289111   0.57058953   0.62255278   0.59099457   0.37450313   0.59220228   0.54081776   0.51021830   0.28111086   0.46949561   0.51269636   0.46644018   0.56716921   0.62024582   0.49609321   0.75150572   0.49714532   0.64721199   0.42243633   0.48668915   0.59578796   0.68524969   0.60431369   0.53947874   0.47131963   0.59254758   0.70567038   0.56309484   0.00483936   0.59148540   0.59061164   0.63366064   0.30690643   0.48786666   0.50463542   0.57602736   0.25747788   0.38202986   0.34463500   0.51712966   0.69273233   0.49428361   0.21677853   0.59832294   0.59036622   0.51606549   0.48710225   0.45947247   0.55603047   0.35323443   0.47209516   0.49268481   0.25092286   0.39516895   0.49748148   0.59645788   0.56392537   0.40326941   0.19105804   0.47416103   0.59078979   0.60334347   0.55543200   0.53896822   0.53781002   0.47308413   0.51621052   0.48981032   0.62736901   0.00000000   0.31933068   0.54159532   0.34368747   0.58982376   0.43541700   0.57129016   0.57515534   0.51418879   0.48106006   0.44755778   0.35035225   0.31038840   0.37190875   0.01637301   0.38770468   0.43137743   0.46453146   0.55894288   0.52950711   0.48601522   0.25820709   0.43299925   0.57273454   0.39447581   0.38999528   0.58567643   0.38724342   0.54019477   0.48048140   0.24192494   0.48953646   0.56950038   0.57497102
  0.45790517   0.61678197   0.65901246   0.66282440   0.48474394   0.35562280   0.43315263   0.61967558   0.33626656   0.43101336   0.30792063   0.75703899   0.82311191   1.00000000   0.50121297   0.75037122   0.55808474   0.44971075   0.64360205   0.44850856   0.59829061   0.33767534   0.42592020   0.66575004   0.53873479   0.52679983   0.57099967   0.66055325   0.74097211   0.41271872   0.25111060   0.39896676   0.43327041   0.69933086   0.44804778   0.70374974   0.64191655   0.72561304   0.83392776   0.77899145   0.62618186   0.00000000   0.34543612   0.56178440   0.33408228   0.70110291   0.54586524   0.42892537   0.42475831   0.58020910   0.49095264   0.46994026   0.66622931   0.35039854   0.49336515   0.33631684   0.50486024   0.63034972   0.56712619   0.63078773   0.64806942   0.55204787   0.70523114   0.32245439   0.53360711   0.40507280   0.42503206   0.62008345   0.73865162   0.60475223   0.44440805   0.46904538   0.64892758   0.76142701   0.47085776  -0.10168041   0.64677288   0.64188783   0.65052202   0.14898906   0.30759788   0.39467032   0.53385146   0.14591610   0.37293213   0.34755586   0.36147707   0.48363842   0.34699330   0.06466686   0.46520289   0.51477415   0.38621891   0.59111398   0.54737183   0.58654320   0.34505926   0.39354665   0.30224084   0.23517379   0.33788598   0.47112192   0.60904431   0.60838245   0.32514346   0.22358826   0.36844599   0.52657708   0.61722378   0.49336333   0.51937211   0.50125949   0.45419871   0.30409873   0.33334180   0.55539162   0.00000000   0.32915465   0.41216811   0.33544183   0.67101319   0.41006606   0.39753394   0.50325581   0.34775959   0.41540296   0.53819232   0.29206872   0.09192668   0.28925658  -0.06548907   0.40208828   0.57150555   0.57669514   0.61247246   0.59130828   0.53235003   0.01193692   0.27528822   0.51621635   0.37959941   0.29524604   0.61304844   0.32621866   0.55380705   0.41913353   0.08981558   0.51733952   0.51792732   0.52510453
  0.89649417   0.30564373   0.50919325   0.49370245   0.77379458   0.69107488   0.60731588   0.49127958   0.68422300   0.64104571   0.26446795   0.54118651   0.55906844   0.50121297   1.00000000   0.78562439   0.47038358   0.57127867   0.34776355   0.29494064   0.40151744   0.34003709   0.53114094   0.75131421   0.76068797   0.47355776   0.62632708   0.50807554   0.53572465   0.73525870   0.22068080   0.48025301   0.60465319   0.48741875   0.47789355   0.48356282   0.59529299   0.68896039   0.43287624   0.70199144   0.52959819   0.00000000   0.34338418   0.53979874   0.33522731   0.49473696   0.65753240   0.65932817   0.49269152   0.51869924   0.49562083   0.22217020   0.74151838   0.78577575   0.83602835   0.40886878   0.74087738   0.20925837   0.30202303   0.37672096   0.45588347   0.38553513   0.38011746   0.53789298   0.66792301   0.44891508   0.59702720   0.52676425   0.67188336   0.58769915   0.70244658   0.68688982   0.57662677   0.61276399   0.55642955   0.18846176   0.40746902   0.46616491   0.47923040   0.62757404   0.63962400   0.55302379   0.47169030   0.53249659   0.49568098   0.28548753   0.42067110   0.38269430   0.33032211   0.52510126   0.65539802   0.49977527   0.44847203   0.39269113   0.40874830   0.35958614   0.29271976   0.42287386   0.41098631   0.44186581   0.27301879   0.47751580   0.48386321   0.47348491   0.59518492   0.07841492   0.60551012   0.55590200   0.50276068   0.53376024   0.40683799   0.42452621   0.44686478   0.33111852   0.49897765   0.54338472   0.00000000   0.24527462   0.42238006   0.32586304   0.48363769   0.41521462   0.66429559   0.51128381   0.42977864   0.35553604   0.27144676   0.54587061   0.57987709   0.66365053   0.03387320   0.42866178   0.19199359   0.32864829   0.47508943   0.35157064   0.35413652   0.13506261   0.36980225   0.62432879   0.38630138   0.54998003   0.48322031   0.46707279   0.45247208   0.60605365   0.46135862   0.42903009   0.51366545   0.52143227
  0.74840120   0.62385336   0.84048360   0.77007923   0.85050178   0.77368039   0.74685701   0.79052286   0.69214445   0.79485335   0.34080432   0.76313091   0.77811133   0.75037122   0.78562439   1.00000000   0.71268318   0.68973105   0.68194710   0.44252865   0.68662154   0.45174333   0.73616847   0.79898610   0.70184285   0.46891928   0.79056433   0.82876335   0.85403454   0.79152188   0.33499084   0.66849977   0.74589153   0.80930050   0.64247495   0.77186044   0.77200571   0.82356113   0.70262925   0.77816859   0.78946199   0.00000000   0.44749496   0.76448143   0.44746862   0.81422795   0.83890303   0.72045046   0.63946512   0.75025157   0.69693994   0.45814544   0.72247926   0.69929037   0.85167246   0.20537720   0.68829837   0.57642978   0.57800129   0.68856644   0.75485881   0.65547386   0.47953121   0.66310868   0.79475477   0.60966057   0.74463183   0.76963551   0.79220685   0.82152889   0.83447024   0.76387898   0.69890124   0.84319723   0.75218699   0.01970378   0.75329341   0.81003473   0.78235473   0.54886969   0.72569284   0.65341631   0.74304612   0.53522419   0.65867501   0.40252979   0.53186493   0.63338823   0.46957228   0.35740218   0.83621104   0.72829765   0.60932356   0.68054719   0.60816605   0.66955385   0.42321762   0.66034851   0.47625768   0.45255299   0.41921993   0.68251816   0.79208275   0.77455375   0.70412433   0.28752014   0.73544403   0.75715220   0.80231453   0.75059711   0.66904806   0.68515714   0.64014502   0.45409985   0.47123169   0.78451235   0.00000000   0.39379177   0.65720051   0.44948599   0.80398796   0.63249915   0.66316644   0.72489291   0.56172094   0.61546275   0.53729563   0.49348186   0.43668101   0.67968904  -0.06134436   0.55630347   0.48116664   0.59923424   0.78250106   0.66473110   0.62314890   0.12831122   0.53336916   0.77152688   0.54459746   0.64776471   0.76278385   0.54470119   0.72471669   0.79231367   0.46863196   0.67129083   0.76022235   0.75216252
  0.38276287   0.70649183   0.86707654   0.88173555   0.56286601   0.69222277   0.80715648   0.83870814   0.39645779   0.68123102   0.41982866   0.79808592   0.59022926   0.55808474   0.47038358   0.71268318   1.00000000   0.89574308   0.73750689   0.50693708   0.81501296   0.51929498   0.79853982   0.59015849   0.24935736   0.54355005   0.77130217   0.83489704   0.80259737   0.60997803   0.08263119   0.71799333   0.89882031   0.89845469   0.85553403   0.82075164   0.72839929   0.55715127   0.66748061   0.55662746   0.90704922   0.00000000   0.49406647   0.78494916   0.49772475   0.78770355   0.84015347   0.69601680   0.90161295   0.93047022   0.59088847   0.54959893   0.61842809   0.54653965   0.57388532  -0.17780522   0.49813881   0.68661442   0.70681408   0.75873480   0.83033996   0.75033665   0.25374226   0.71825729   0.76817405   0.65538295   0.71614549   0.78252970   0.70165447   0.79146911   0.59967698   0.38965966   0.56266498   0.52545813   0.90407048  -0.00768047   0.82591487   0.80681536   0.87332408   0.45015012   0.75545293   0.82580885   0.89334415   0.40281733   0.70457088   0.50247739   0.77392442   0.64853782   0.62915005   0.41495204   0.75665297   0.93533631   0.88213428   0.72127889   0.64777968   0.83369874   0.53135202   0.85810830   0.50047362   0.30401301   0.70620392   0.77959474   0.85376734   0.78468713   0.66308280   0.23953838   0.68956004   0.88976933   0.87719021   0.89618563   0.88655399   0.86857604   0.74092508   0.64663458   0.50209088   0.90339029   0.00000000   0.51995814   0.83296400   0.53245630   0.77612067   0.80157859   0.69627382   0.90839767   0.81451432   0.75287172   0.66072265   0.63103602   0.46697227   0.62054151   0.17792833   0.68634873   0.60080817   0.71391174   0.80673230   0.77742242   0.77243267   0.33606682   0.70904974   0.76058091   0.67139539   0.68595470   0.81434628   0.75151970   0.81550168   0.71698865   0.37387661   0.78476844   0.77053548   0.89314300
  0.45373647   0.55651878   0.77287312   0.84366565   0.60027759   0.74194767   0.85060543   0.80355859   0.42918353   0.64809148   0.36313486   0.79102185   0.56235106   0.44971075   0.57127867   0.68973105   0.89574308   1.00000000   0.63265586   0.43895348   0.69029906   0.45592545   0.75598244   0.60099123   0.28483160   0.58189007   0.74509013   0.75693350   0.73828323   0.61865764   0.04305678   0.70089674   0.88799948   0.79432283   0.80058276   0.73807808   0.70041075   0.49927188   0.62483903   0.57501302   0.83098973   0.00000000   0.41151485   0.73282363   0.44330858   0.72287755   0.83198472   0.81951532   0.85669512   0.90789812   0.54965209   0.44081679   0.64980009   0.64791414   0.60275222  -0.17270101   0.52163897   0.54560025   0.59979595   0.65846380   0.73666579   0.64724801   0.23165109   0.72390651   0.78359903   0.60467865   0.68773170   0.74387854   0.71028140   0.77585631   0.61384948   0.39043762   0.54058127   0.46632372   0.86843340  -0.00534153   0.69465663   0.71200594   0.79077730   0.56148006   0.77678195   0.84588577   0.85312429   0.43350691   0.67412380   0.45061249   0.77621048   0.59667444   0.60126436   0.46872678   0.76097025   0.87230862   0.85452918   0.64755230   0.60242177   0.69079504   0.46773828   0.76203429   0.45149779   0.28913475   0.65658141   0.72898392   0.76517928   0.72241676   0.66466945   0.12973652   0.69075632   0.79678169   0.78921286   0.83982995   0.77349878   0.74585717   0.66623317   0.63051420   0.52656941   0.82360634   0.00000000   0.41727708   0.75432000   0.49602005   0.69960658   0.77224430   0.72866280   0.84577618   0.81959737   0.63324306   0.54872281   0.65707671   0.55943042   0.63479591   0.17650124   0.61916653   0.46846794   0.61332040   0.71448170   0.66847529   0.64041715   0.34363755   0.66143523   0.71117218   0.61891836   0.68958524   0.74122595   0.77442074   0.75494903   0.69062055   0.39475946   0.67280973   0.72239328   0.79663198
  0.28413443   0.90304740   0.87397711   0.78839596   0.46609123   0.39793542   0.58885100   0.78963590   0.29121404   0.57175245   0.56557259   0.71771008   0.53975082   0.64360205   0.34776355   0.68194710   0.73750689   0.63265586   1.00000000   0.70771201   0.89789247   0.59865886   0.63424394   0.47917023   0.33718644   0.50468332   0.83744689   0.80921521   0.83391952   0.54066227   0.21335134   0.52164014   0.63564298   0.81114786   0.53591233   0.74056145   0.73824104   0.58378154   0.68673247   0.52041833   0.76123784   0.00000000   0.56589984   0.55377921   0.60610925   0.81751351   0.75744949   0.41045426   0.58640906   0.75823784   0.58784636   0.81721374   0.55478270   0.32820968   0.51442658  -0.08133273   0.51979213   0.96281566   0.91231718   0.92287638   0.89898725   0.89539122   0.30275214   0.46184412   0.58096484   0.73579890   0.57470245   0.77641620   0.70225366   0.81017364   0.45033556   0.36184647   0.69042090   0.62169795   0.68647433  -0.04510138   0.90778199   0.85190956   0.80545872   0.21834982   0.44779327   0.62766539   0.79386000   0.24375901   0.67150407   0.63701101   0.54756091   0.47298017   0.43525652   0.18429902   0.62951179   0.70199522   0.56603426   0.90724053   0.80650801   0.89676126   0.64446580   0.66345807   0.27435212   0.22813663   0.59060674   0.76382494   0.79528750   0.80565687   0.60744016   0.31369808   0.44248464   0.69862839   0.77879802   0.65544086   0.77840438   0.72058675   0.58276378   0.37757267   0.25086765   0.73005024   0.00000000   0.60567150   0.57677668   0.64347724   0.79790672   0.75386736   0.41130867   0.69192857   0.57299231   0.67356430   0.86958826   0.40838746   0.20057155   0.48937252   0.07758790   0.66973994   0.87104316   0.91683348   0.86573144   0.87018987   0.88632409   0.10196711   0.47180284   0.55081455   0.72644380   0.51825409   0.77726666   0.57126119   0.82546599   0.52832746   0.21635124   0.67510500   0.69186038   0.72524243
  0.14906828   0.73079813   0.55224951   0.51683323   0.29777532   0.30171302   0.51058823   0.55248808   0.28969081   0.38698631   0.92255496   0.59111415   0.35454639   0.44850856   0.29494064   0.44252865   0.50693708   0.43895348   0.70771201   1.00000000   0.76942831   0.85235784   0.40223053   0.31990645   0.12787760   0.37151973   0.58299734   0.47286682   0.53504007   0.44738952   0.22449422   0.35356540   0.47879947   0.50266495   0.42972952   0.48279072   0.32821737   0.31377952   0.43326313   0.40929622   0.56105469   0.00000000   0.78462311   0.39078452   0.85852619   0.48958543   0.56830844   0.30650758   0.47756485   0.55318444   0.37248947   0.86431445   0.31750924   0.35380860   0.21002237   0.03633873   0.35188066   0.74681299   0.85753120   0.62693665   0.52744795   0.80057402   0.19579341   0.30252709   0.29203530   0.82946596   0.55892798   0.38792629   0.42340658   0.44759559   0.27519845   0.16155065   0.30531619   0.29060814   0.47535087   0.23303686   0.65283520   0.51553280   0.51568466   0.31296290   0.31582987   0.52292987   0.55664797   0.33842538   0.63583258   0.91687143   0.53229904   0.42405895   0.42971863   0.32462734   0.48034229   0.53571211   0.45835071   0.53915661   0.91314063   0.72496542   0.90088584   0.48131879   0.32691195   0.28374514   0.45733589   0.56331633   0.47208373   0.54537230   0.47303482   0.37994813   0.30895729   0.49327279   0.42905394   0.43042714   0.51342129   0.48465314   0.44912996   0.35309214   0.32154332   0.50772292   0.00000000   0.82436434   0.43712044   0.87857706   0.47817064   0.61496847   0.32732596   0.49462315   0.47398307   0.43445827   0.85305836   0.44639060   0.30631423   0.30836536   0.31229782   0.53194295   0.81961645   0.82356586   0.52061765   0.48658649   0.79007767   0.29777653   0.40666625   0.32732777   0.82842380   0.55834787   0.42965625   0.53275743   0.50888511   0.37040300   0.32220347   0.44332218   0.49255345   0.48951694
